# PBI辐射计算结果 - CLI版本
# 生成时间: 2025-06-19 21:29:34.393265

# 输入参数:
# initial_energy: 3.0
# thickness: 0.0
# density: 1.947
# ionization_energy: 12.0
# g_factor: 0.17
# max_radius: 100.0
# save: True

# SRIM能量损失分析:
# 初始能量: 3.0
# 最终能量: 3.0
# 能量损失: 0.0
# 损失百分比: 0.0
# 密度修正因子: 1.298
# 修正后阻止本领: 6704.17

# 分析结果:
# PBI分子数密度: 3.806764e+00 分子/nm³
# 径迹中心温度: 3,350 K
# 总沉积能量: 1.671808e+00 keV

径向距离_nm	原始剂量_keV_nm3	归一化剂量_keV_nm3	温度_K	单原子能量_eV
1.000000e+00	5.802175e-02	3.955473e-02	3.349539e+03	4.233820e-01
1.003077e+00	5.766955e-02	3.931462e-02	3.329207e+03	4.208120e-01
1.006163e+00	5.731948e-02	3.907597e-02	3.308997e+03	4.182575e-01
1.009259e+00	5.697152e-02	3.883876e-02	3.288910e+03	4.157184e-01
1.012364e+00	5.662566e-02	3.860298e-02	3.268944e+03	4.131947e-01
1.015479e+00	5.628189e-02	3.836862e-02	3.249098e+03	4.106863e-01
1.018604e+00	5.594020e-02	3.813568e-02	3.229373e+03	4.081930e-01
1.021738e+00	5.560057e-02	3.790415e-02	3.209767e+03	4.057147e-01
1.024882e+00	5.526300e-02	3.767402e-02	3.190279e+03	4.032515e-01
1.028035e+00	5.492746e-02	3.744528e-02	3.170909e+03	4.008031e-01
1.031198e+00	5.459395e-02	3.721792e-02	3.151656e+03	3.983695e-01
1.034371e+00	5.426246e-02	3.699193e-02	3.132519e+03	3.959506e-01
1.037554e+00	5.393297e-02	3.676731e-02	3.113498e+03	3.935463e-01
1.040746e+00	5.360547e-02	3.654405e-02	3.094592e+03	3.911566e-01
1.043949e+00	5.327995e-02	3.632214e-02	3.075800e+03	3.887813e-01
1.047161e+00	5.295640e-02	3.610156e-02	3.057121e+03	3.864203e-01
1.050383e+00	5.263481e-02	3.588232e-02	3.038556e+03	3.840737e-01
1.053615e+00	5.231515e-02	3.566441e-02	3.020103e+03	3.817412e-01
1.056856e+00	5.199743e-02	3.544781e-02	3.001761e+03	3.794228e-01
1.060108e+00	5.168163e-02	3.523253e-02	2.983530e+03	3.771184e-01
1.063370e+00	5.136774e-02	3.501854e-02	2.965410e+03	3.748280e-01
1.066642e+00	5.105575e-02	3.480585e-02	2.947398e+03	3.725514e-01
1.069924e+00	5.074564e-02	3.459444e-02	2.929496e+03	3.702885e-01
1.073216e+00	5.043741e-02	3.438431e-02	2.911702e+03	3.680394e-01
1.076518e+00	5.013104e-02	3.417545e-02	2.894016e+03	3.658038e-01
1.079830e+00	4.982653e-02	3.396786e-02	2.876437e+03	3.635818e-01
1.083153e+00	4.952385e-02	3.376152e-02	2.858963e+03	3.613732e-01
1.086486e+00	4.922301e-02	3.355642e-02	2.841596e+03	3.591779e-01
1.089829e+00	4.892398e-02	3.335257e-02	2.824334e+03	3.569960e-01
1.093182e+00	4.862676e-02	3.314995e-02	2.807175e+03	3.548272e-01
1.096546e+00	4.833134e-02	3.294856e-02	2.790121e+03	3.526715e-01
1.099920e+00	4.803771e-02	3.274838e-02	2.773170e+03	3.505289e-01
1.103304e+00	4.774585e-02	3.254941e-02	2.756321e+03	3.483992e-01
1.106699e+00	4.745576e-02	3.235165e-02	2.739575e+03	3.462824e-01
1.110104e+00	4.716742e-02	3.215509e-02	2.722929e+03	3.441784e-01
1.113519e+00	4.688083e-02	3.195971e-02	2.706384e+03	3.420872e-01
1.116946e+00	4.659597e-02	3.176551e-02	2.689940e+03	3.400086e-01
1.120382e+00	4.631283e-02	3.157249e-02	2.673594e+03	3.379425e-01
1.123830e+00	4.603141e-02	3.138064e-02	2.657348e+03	3.358890e-01
1.127287e+00	4.575169e-02	3.118995e-02	2.641200e+03	3.338479e-01
1.130756e+00	4.547366e-02	3.100041e-02	2.625150e+03	3.318191e-01
1.134235e+00	4.519731e-02	3.081202e-02	2.609196e+03	3.298026e-01
1.137725e+00	4.492263e-02	3.062476e-02	2.593340e+03	3.277983e-01
1.141226e+00	4.464962e-02	3.043864e-02	2.577579e+03	3.258061e-01
1.144737e+00	4.437826e-02	3.025365e-02	2.561913e+03	3.238260e-01
1.148259e+00	4.410854e-02	3.006978e-02	2.546343e+03	3.218579e-01
1.151793e+00	4.384045e-02	2.988702e-02	2.530866e+03	3.199017e-01
1.155336e+00	4.357399e-02	2.970536e-02	2.515484e+03	3.179573e-01
1.158891e+00	4.330913e-02	2.952481e-02	2.500194e+03	3.160247e-01
1.162457e+00	4.304588e-02	2.934534e-02	2.484997e+03	3.141038e-01
1.166034e+00	4.278423e-02	2.916697e-02	2.469892e+03	3.121945e-01
1.169622e+00	4.252416e-02	2.898967e-02	2.454878e+03	3.102967e-01
1.173220e+00	4.226566e-02	2.881344e-02	2.439955e+03	3.084105e-01
1.176830e+00	4.200872e-02	2.863829e-02	2.425123e+03	3.065357e-01
1.180451e+00	4.175335e-02	2.846419e-02	2.410380e+03	3.046722e-01
1.184083e+00	4.149951e-02	2.829115e-02	2.395726e+03	3.028200e-01
1.187727e+00	4.124722e-02	2.811915e-02	2.381161e+03	3.009790e-01
1.191381e+00	4.099645e-02	2.794820e-02	2.366685e+03	2.991491e-01
1.195047e+00	4.074720e-02	2.777828e-02	2.352296e+03	2.973304e-01
1.198724e+00	4.049946e-02	2.760938e-02	2.337994e+03	2.955226e-01
1.202412e+00	4.025321e-02	2.744152e-02	2.323779e+03	2.937258e-01
1.206112e+00	4.000846e-02	2.727466e-02	2.309649e+03	2.919398e-01
1.209823e+00	3.976519e-02	2.710882e-02	2.295606e+03	2.901647e-01
1.213545e+00	3.952340e-02	2.694398e-02	2.281647e+03	2.884004e-01
1.217279e+00	3.928307e-02	2.678014e-02	2.267773e+03	2.866467e-01
1.221025e+00	3.904419e-02	2.661730e-02	2.253983e+03	2.849036e-01
1.224782e+00	3.880676e-02	2.645544e-02	2.240276e+03	2.831711e-01
1.228550e+00	3.857077e-02	2.629456e-02	2.226653e+03	2.814491e-01
1.232330e+00	3.833621e-02	2.613465e-02	2.213112e+03	2.797375e-01
1.236122e+00	3.810306e-02	2.597571e-02	2.199653e+03	2.780362e-01
1.239926e+00	3.787133e-02	2.581774e-02	2.186275e+03	2.763453e-01
1.243741e+00	3.764101e-02	2.566072e-02	2.172979e+03	2.746646e-01
1.247567e+00	3.741208e-02	2.550465e-02	2.159763e+03	2.729941e-01
1.251406e+00	3.718453e-02	2.534953e-02	2.146627e+03	2.713338e-01
1.255257e+00	3.695837e-02	2.519534e-02	2.133570e+03	2.696834e-01
1.259119e+00	3.673357e-02	2.504210e-02	2.120593e+03	2.680431e-01
1.262993e+00	3.651013e-02	2.488978e-02	2.107694e+03	2.664127e-01
1.266879e+00	3.628805e-02	2.473838e-02	2.094874e+03	2.647922e-01
1.270777e+00	3.606732e-02	2.458790e-02	2.082131e+03	2.631815e-01
1.274687e+00	3.584792e-02	2.443833e-02	2.069465e+03	2.615806e-01
1.278609e+00	3.562985e-02	2.428967e-02	2.056876e+03	2.599893e-01
1.282543e+00	3.541310e-02	2.414191e-02	2.044364e+03	2.584077e-01
1.286490e+00	3.519767e-02	2.399504e-02	2.031927e+03	2.568357e-01
1.290448e+00	3.498354e-02	2.384906e-02	2.019566e+03	2.552732e-01
1.294419e+00	3.477071e-02	2.370397e-02	2.007279e+03	2.537202e-01
1.298401e+00	3.455917e-02	2.355976e-02	1.995067e+03	2.521766e-01
1.302396e+00	3.434891e-02	2.341642e-02	1.982929e+03	2.506424e-01
1.306404e+00	3.413992e-02	2.327395e-02	1.970864e+03	2.491174e-01
1.310423e+00	3.393221e-02	2.313234e-02	1.958873e+03	2.476017e-01
1.314455e+00	3.372575e-02	2.299159e-02	1.946954e+03	2.460952e-01
1.318500e+00	3.352054e-02	2.285170e-02	1.935108e+03	2.445978e-01
1.322557e+00	3.331657e-02	2.271265e-02	1.923333e+03	2.431094e-01
1.326626e+00	3.311384e-02	2.257445e-02	1.911630e+03	2.416301e-01
1.330708e+00	3.291234e-02	2.243708e-02	1.899997e+03	2.401598e-01
1.334802e+00	3.271207e-02	2.230055e-02	1.888436e+03	2.386984e-01
1.338909e+00	3.251300e-02	2.216484e-02	1.876944e+03	2.372458e-01
1.343029e+00	3.231514e-02	2.202996e-02	1.865522e+03	2.358021e-01
1.347161e+00	3.211849e-02	2.189589e-02	1.854169e+03	2.343671e-01
1.351306e+00	3.192302e-02	2.176264e-02	1.842885e+03	2.329408e-01
1.355464e+00	3.172874e-02	2.163019e-02	1.831669e+03	2.315231e-01
1.359635e+00	3.153564e-02	2.149855e-02	1.820522e+03	2.301140e-01
1.363818e+00	3.134371e-02	2.136771e-02	1.809441e+03	2.287135e-01
1.368015e+00	3.115294e-02	2.123765e-02	1.798429e+03	2.273215e-01
1.372224e+00	3.096333e-02	2.110839e-02	1.787483e+03	2.259379e-01
1.376446e+00	3.077486e-02	2.097991e-02	1.776603e+03	2.245627e-01
1.380681e+00	3.058755e-02	2.085221e-02	1.765789e+03	2.231959e-01
1.384929e+00	3.040136e-02	2.072529e-02	1.755041e+03	2.218373e-01
1.389191e+00	3.021631e-02	2.059913e-02	1.744358e+03	2.204870e-01
1.393465e+00	3.003238e-02	2.047374e-02	1.733740e+03	2.191448e-01
1.397753e+00	2.984956e-02	2.034911e-02	1.723186e+03	2.178108e-01
1.402053e+00	2.966785e-02	2.022524e-02	1.712696e+03	2.164849e-01
1.406367e+00	2.948725e-02	2.010212e-02	1.702270e+03	2.151670e-01
1.410694e+00	2.930774e-02	1.997974e-02	1.691907e+03	2.138572e-01
1.415035e+00	2.912932e-02	1.985811e-02	1.681607e+03	2.125552e-01
1.419389e+00	2.895198e-02	1.973721e-02	1.671369e+03	2.112612e-01
1.423756e+00	2.877572e-02	1.961705e-02	1.661194e+03	2.099750e-01
1.428137e+00	2.860052e-02	1.949761e-02	1.651080e+03	2.086966e-01
1.432531e+00	2.842639e-02	1.937891e-02	1.641028e+03	2.074260e-01
1.436939e+00	2.825332e-02	1.926092e-02	1.631036e+03	2.061631e-01
1.441360e+00	2.808129e-02	1.914364e-02	1.621105e+03	2.049078e-01
1.445795e+00	2.791031e-02	1.902708e-02	1.611235e+03	2.036602e-01
1.450244e+00	2.774037e-02	1.891123e-02	1.601424e+03	2.024201e-01
1.454706e+00	2.757145e-02	1.879608e-02	1.591673e+03	2.011876e-01
1.459182e+00	2.740356e-02	1.868162e-02	1.581981e+03	1.999625e-01
1.463672e+00	2.723670e-02	1.856786e-02	1.572348e+03	1.987449e-01
1.468175e+00	2.707084e-02	1.845480e-02	1.562773e+03	1.975346e-01
1.472692e+00	2.690599e-02	1.834241e-02	1.553256e+03	1.963317e-01
1.477224e+00	2.674214e-02	1.823071e-02	1.543797e+03	1.951361e-01
1.481769e+00	2.657928e-02	1.811969e-02	1.534396e+03	1.939478e-01
1.486328e+00	2.641741e-02	1.800934e-02	1.525052e+03	1.927666e-01
1.490902e+00	2.625653e-02	1.789966e-02	1.515764e+03	1.915926e-01
1.495489e+00	2.609662e-02	1.779065e-02	1.506532e+03	1.904258e-01
1.500090e+00	2.593768e-02	1.768230e-02	1.497357e+03	1.892660e-01
1.504706e+00	2.577971e-02	1.757460e-02	1.488237e+03	1.881133e-01
1.509336e+00	2.562269e-02	1.746756e-02	1.479173e+03	1.869676e-01
1.513980e+00	2.546663e-02	1.736117e-02	1.470164e+03	1.858288e-01
1.518638e+00	2.531152e-02	1.725543e-02	1.461209e+03	1.846969e-01
1.523311e+00	2.515734e-02	1.715032e-02	1.452309e+03	1.835719e-01
1.527998e+00	2.500411e-02	1.704586e-02	1.443463e+03	1.824538e-01
1.532699e+00	2.485180e-02	1.694203e-02	1.434670e+03	1.813424e-01
1.537415e+00	2.470042e-02	1.683883e-02	1.425931e+03	1.802378e-01
1.542146e+00	2.454995e-02	1.673625e-02	1.417245e+03	1.791398e-01
1.546891e+00	2.440040e-02	1.663430e-02	1.408611e+03	1.780486e-01
1.551650e+00	2.425176e-02	1.653297e-02	1.400031e+03	1.769640e-01
1.556425e+00	2.410402e-02	1.643225e-02	1.391502e+03	1.758859e-01
1.561214e+00	2.395718e-02	1.633215e-02	1.383025e+03	1.748144e-01
1.566017e+00	2.381123e-02	1.623265e-02	1.374599e+03	1.737494e-01
1.570836e+00	2.366616e-02	1.613375e-02	1.366224e+03	1.726909e-01
1.575669e+00	2.352198e-02	1.603546e-02	1.357901e+03	1.716388e-01
1.580517e+00	2.337867e-02	1.593776e-02	1.349628e+03	1.705930e-01
1.585380e+00	2.323623e-02	1.584066e-02	1.341405e+03	1.695537e-01
1.590258e+00	2.309466e-02	1.574415e-02	1.333232e+03	1.685206e-01
1.595151e+00	2.295394e-02	1.564822e-02	1.325109e+03	1.674938e-01
1.600059e+00	2.281409e-02	1.555287e-02	1.317035e+03	1.664733e-01
1.604983e+00	2.267508e-02	1.545811e-02	1.309010e+03	1.654589e-01
1.609921e+00	2.253691e-02	1.536392e-02	1.301034e+03	1.644508e-01
1.614874e+00	2.239958e-02	1.527030e-02	1.293106e+03	1.634487e-01
1.619843e+00	2.226309e-02	1.517725e-02	1.285226e+03	1.624527e-01
1.624827e+00	2.212743e-02	1.508476e-02	1.277395e+03	1.614628e-01
1.629827e+00	2.199259e-02	1.499284e-02	1.269611e+03	1.604789e-01
1.634841e+00	2.185857e-02	1.490147e-02	1.261874e+03	1.595009e-01
1.639872e+00	2.172536e-02	1.481066e-02	1.254184e+03	1.585289e-01
1.644917e+00	2.159296e-02	1.472041e-02	1.246541e+03	1.575628e-01
1.649979e+00	2.146137e-02	1.463070e-02	1.238944e+03	1.566026e-01
1.655055e+00	2.133058e-02	1.454153e-02	1.231393e+03	1.556482e-01
1.660148e+00	2.120058e-02	1.445291e-02	1.223889e+03	1.546996e-01
1.665256e+00	2.107137e-02	1.436482e-02	1.216429e+03	1.537568e-01
1.670380e+00	2.094294e-02	1.427727e-02	1.209016e+03	1.528197e-01
1.675519e+00	2.081530e-02	1.419025e-02	1.201647e+03	1.518882e-01
1.680675e+00	2.068843e-02	1.410377e-02	1.194323e+03	1.509625e-01
1.685846e+00	2.056233e-02	1.401780e-02	1.187043e+03	1.500424e-01
1.691033e+00	2.043700e-02	1.393236e-02	1.179808e+03	1.491278e-01
1.696236e+00	2.031243e-02	1.384744e-02	1.172617e+03	1.482188e-01
1.701455e+00	2.018862e-02	1.376303e-02	1.165469e+03	1.473154e-01
1.706690e+00	2.006555e-02	1.367914e-02	1.158365e+03	1.464174e-01
1.711942e+00	1.994324e-02	1.359575e-02	1.151304e+03	1.455249e-01
1.717209e+00	1.982167e-02	1.351288e-02	1.144286e+03	1.446378e-01
1.722493e+00	1.970084e-02	1.343050e-02	1.137310e+03	1.437561e-01
1.727793e+00	1.958074e-02	1.334863e-02	1.130377e+03	1.428797e-01
1.733109e+00	1.946138e-02	1.326725e-02	1.123486e+03	1.420087e-01
1.738442e+00	1.934273e-02	1.318637e-02	1.116637e+03	1.411430e-01
1.743791e+00	1.922481e-02	1.310598e-02	1.109830e+03	1.402825e-01
1.749156e+00	1.910761e-02	1.302608e-02	1.103064e+03	1.394273e-01
1.754538e+00	1.899112e-02	1.294667e-02	1.096339e+03	1.385773e-01
1.759936e+00	1.887533e-02	1.286774e-02	1.089655e+03	1.377324e-01
1.765352e+00	1.876025e-02	1.278928e-02	1.083011e+03	1.368927e-01
1.770783e+00	1.864587e-02	1.271131e-02	1.076408e+03	1.360580e-01
1.776232e+00	1.853219e-02	1.263381e-02	1.069845e+03	1.352285e-01
1.781697e+00	1.841919e-02	1.255678e-02	1.063322e+03	1.344040e-01
1.787179e+00	1.830689e-02	1.248021e-02	1.056839e+03	1.335845e-01
1.792678e+00	1.819526e-02	1.240412e-02	1.050395e+03	1.327700e-01
1.798194e+00	1.808431e-02	1.232848e-02	1.043990e+03	1.319604e-01
1.803727e+00	1.797404e-02	1.225331e-02	1.037624e+03	1.311557e-01
1.809277e+00	1.786444e-02	1.217859e-02	1.031297e+03	1.303560e-01
1.814844e+00	1.775551e-02	1.210433e-02	1.025008e+03	1.295611e-01
1.820428e+00	1.764723e-02	1.203051e-02	1.018758e+03	1.287710e-01
1.826029e+00	1.753962e-02	1.195715e-02	1.012545e+03	1.279858e-01
1.831647e+00	1.743266e-02	1.188423e-02	1.006370e+03	1.272053e-01
1.837283e+00	1.732635e-02	1.181176e-02	1.000233e+03	1.264295e-01
1.842936e+00	1.722069e-02	1.173973e-02	9.941333e+02	1.256585e-01
1.848607e+00	1.711566e-02	1.166813e-02	9.880706e+02	1.248922e-01
1.854295e+00	1.701128e-02	1.159697e-02	9.820447e+02	1.241305e-01
1.860000e+00	1.690753e-02	1.152624e-02	9.760554e+02	1.233735e-01
1.865723e+00	1.680442e-02	1.145595e-02	9.701026e+02	1.226210e-01
1.871464e+00	1.670193e-02	1.138608e-02	9.641859e+02	1.218732e-01
1.877222e+00	1.660006e-02	1.131663e-02	9.583053e+02	1.211299e-01
1.882998e+00	1.649881e-02	1.124761e-02	9.524604e+02	1.203911e-01
1.888792e+00	1.639818e-02	1.117901e-02	9.466510e+02	1.196568e-01
1.894604e+00	1.629816e-02	1.111082e-02	9.408770e+02	1.189269e-01
1.900433e+00	1.619875e-02	1.104305e-02	9.351381e+02	1.182015e-01
1.906280e+00	1.609994e-02	1.097569e-02	9.294341e+02	1.174805e-01
1.912146e+00	1.600174e-02	1.090874e-02	9.237648e+02	1.167639e-01
1.918029e+00	1.590413e-02	1.084220e-02	9.181299e+02	1.160517e-01
1.923931e+00	1.580712e-02	1.077606e-02	9.125294e+02	1.153438e-01
1.929851e+00	1.571069e-02	1.071033e-02	9.069629e+02	1.146402e-01
1.935788e+00	1.561485e-02	1.064500e-02	9.014302e+02	1.139408e-01
1.941745e+00	1.551960e-02	1.058006e-02	8.959313e+02	1.132458e-01
1.947719e+00	1.542492e-02	1.051552e-02	8.904657e+02	1.125549e-01
1.953712e+00	1.533082e-02	1.045137e-02	8.850334e+02	1.118683e-01
1.959723e+00	1.523730e-02	1.038761e-02	8.796342e+02	1.111858e-01
1.965753e+00	1.514434e-02	1.032423e-02	8.742678e+02	1.105075e-01
1.971802e+00	1.505194e-02	1.026125e-02	8.689341e+02	1.098333e-01
1.977869e+00	1.496011e-02	1.019864e-02	8.636328e+02	1.091632e-01
1.983954e+00	1.486884e-02	1.013642e-02	8.583637e+02	1.084972e-01
1.990059e+00	1.477813e-02	1.007458e-02	8.531267e+02	1.078353e-01
1.996182e+00	1.468796e-02	1.001311e-02	8.479216e+02	1.071773e-01
2.002324e+00	1.459834e-02	9.952017e-03	8.427481e+02	1.065234e-01
2.008485e+00	1.450927e-02	9.891296e-03	8.376061e+02	1.058735e-01
2.014665e+00	1.442074e-02	9.830943e-03	8.324954e+02	1.052275e-01
2.020864e+00	1.433275e-02	9.770958e-03	8.274158e+02	1.045854e-01
2.027082e+00	1.424530e-02	9.711338e-03	8.223671e+02	1.039473e-01
2.033319e+00	1.415838e-02	9.652081e-03	8.173492e+02	1.033130e-01
2.039575e+00	1.407198e-02	9.593184e-03	8.123617e+02	1.026826e-01
2.045851e+00	1.398611e-02	9.534646e-03	8.074046e+02	1.020560e-01
2.052145e+00	1.390077e-02	9.476464e-03	8.024777e+02	1.014332e-01
2.058460e+00	1.381594e-02	9.418636e-03	7.975807e+02	1.008143e-01
2.064793e+00	1.373163e-02	9.361160e-03	7.927136e+02	1.001991e-01
2.071146e+00	1.364783e-02	9.304033e-03	7.878761e+02	9.958759e-02
2.077519e+00	1.356455e-02	9.247255e-03	7.830680e+02	9.897985e-02
2.083911e+00	1.348177e-02	9.190821e-03	7.782892e+02	9.837581e-02
2.090323e+00	1.339949e-02	9.134732e-03	7.735394e+02	9.777544e-02
2.096755e+00	1.331771e-02	9.078983e-03	7.688186e+02	9.717873e-02
2.103207e+00	1.323644e-02	9.023574e-03	7.641265e+02	9.658564e-02
2.109678e+00	1.315565e-02	8.968503e-03	7.594630e+02	9.599617e-02
2.116169e+00	1.307536e-02	8.913766e-03	7.548278e+02	9.541029e-02
2.122680e+00	1.299556e-02	8.859363e-03	7.502209e+02	9.482797e-02
2.129212e+00	1.291624e-02	8.805290e-03	7.456420e+02	9.424920e-02
2.135763e+00	1.283741e-02	8.751547e-03	7.410909e+02	9.367395e-02
2.142334e+00	1.275905e-02	8.698131e-03	7.365676e+02	9.310220e-02
2.148926e+00	1.268118e-02	8.645041e-03	7.320718e+02	9.253393e-02
2.155538e+00	1.260377e-02	8.592273e-03	7.276034e+02	9.196912e-02
2.162170e+00	1.252684e-02	8.539827e-03	7.231622e+02	9.140775e-02
2.168823e+00	1.245038e-02	8.487699e-03	7.187480e+02	9.084980e-02
2.175496e+00	1.237438e-02	8.435890e-03	7.143607e+02	9.029524e-02
2.182190e+00	1.229884e-02	8.384395e-03	7.100001e+02	8.974406e-02
2.188905e+00	1.222377e-02	8.333214e-03	7.056660e+02	8.919624e-02
2.195640e+00	1.214915e-02	8.282345e-03	7.013584e+02	8.865175e-02
2.202395e+00	1.207498e-02	8.231786e-03	6.970769e+02	8.811057e-02
2.209172e+00	1.200127e-02	8.181534e-03	6.928216e+02	8.757269e-02
2.215969e+00	1.192801e-02	8.131588e-03	6.885921e+02	8.703809e-02
2.222787e+00	1.185519e-02	8.081947e-03	6.843884e+02	8.650674e-02
2.229627e+00	1.178281e-02	8.032607e-03	6.802103e+02	8.597863e-02
2.236487e+00	1.171088e-02	7.983568e-03	6.760576e+02	8.545373e-02
2.243368e+00	1.163938e-02	7.934828e-03	6.719302e+02	8.493202e-02
2.250271e+00	1.156832e-02	7.886384e-03	6.678279e+02	8.441350e-02
2.257195e+00	1.149769e-02	7.838236e-03	6.637507e+02	8.389813e-02
2.264140e+00	1.142750e-02	7.790380e-03	6.596982e+02	8.338590e-02
2.271106e+00	1.135773e-02	7.742816e-03	6.556705e+02	8.287679e-02
2.278094e+00	1.128838e-02	7.695542e-03	6.516672e+02	8.237078e-02
2.285104e+00	1.121946e-02	7.648556e-03	6.476883e+02	8.186785e-02
2.292135e+00	1.115095e-02	7.601855e-03	6.437337e+02	8.136799e-02
2.299187e+00	1.108287e-02	7.555439e-03	6.398032e+02	8.087117e-02
2.306262e+00	1.101520e-02	7.509306e-03	6.358966e+02	8.037737e-02
2.313358e+00	1.094794e-02	7.463454e-03	6.320137e+02	7.988658e-02
2.320476e+00	1.088109e-02	7.417881e-03	6.281546e+02	7.939878e-02
2.327616e+00	1.081465e-02	7.372586e-03	6.243189e+02	7.891395e-02
2.334777e+00	1.074861e-02	7.327566e-03	6.205066e+02	7.843208e-02
2.341961e+00	1.068297e-02	7.282821e-03	6.167175e+02	7.795314e-02
2.349167e+00	1.061774e-02	7.238348e-03	6.129515e+02	7.747712e-02
2.356395e+00	1.055290e-02	7.194146e-03	6.092085e+02	7.700399e-02
2.363646e+00	1.048845e-02	7.150214e-03	6.054882e+02	7.653375e-02
2.370918e+00	1.042440e-02	7.106549e-03	6.017906e+02	7.606637e-02
2.378213e+00	1.036074e-02	7.063150e-03	5.981155e+02	7.560184e-02
2.385531e+00	1.029747e-02	7.020015e-03	5.944628e+02	7.514014e-02
2.392871e+00	1.023458e-02	6.977143e-03	5.908324e+02	7.468126e-02
2.400234e+00	1.017208e-02	6.934533e-03	5.872241e+02	7.422516e-02
2.407619e+00	1.010995e-02	6.892182e-03	5.836377e+02	7.377185e-02
2.415027e+00	1.004821e-02	6.850088e-03	5.800732e+02	7.332130e-02
2.422458e+00	9.986839e-03	6.808252e-03	5.765305e+02	7.287349e-02
2.429911e+00	9.925844e-03	6.766670e-03	5.730093e+02	7.242841e-02
2.437388e+00	9.865221e-03	6.725341e-03	5.695095e+02	7.198604e-02
2.444887e+00	9.804966e-03	6.684265e-03	5.660311e+02	7.154637e-02
2.452410e+00	9.745079e-03	6.643438e-03	5.625739e+02	7.110938e-02
2.459956e+00	9.685557e-03	6.602861e-03	5.591377e+02	7.067505e-02
2.467525e+00	9.626397e-03	6.562530e-03	5.557225e+02	7.024336e-02
2.475117e+00	9.567598e-03	6.522446e-03	5.523281e+02	6.981431e-02
2.482733e+00	9.509157e-03	6.482605e-03	5.489544e+02	6.938787e-02
2.490372e+00	9.451073e-03	6.443008e-03	5.456012e+02	6.896403e-02
2.498034e+00	9.393342e-03	6.403651e-03	5.422684e+02	6.854277e-02
2.505720e+00	9.335963e-03	6.364535e-03	5.389560e+02	6.812408e-02
2.513430e+00	9.278933e-03	6.325656e-03	5.356638e+02	6.770794e-02
2.521164e+00	9.222252e-03	6.287015e-03	5.323916e+02	6.729433e-02
2.528921e+00	9.165915e-03	6.248609e-03	5.291393e+02	6.688325e-02
2.536702e+00	9.109922e-03	6.210438e-03	5.259069e+02	6.647467e-02
2.544508e+00	9.054270e-03	6.172498e-03	5.226942e+02	6.606858e-02
2.552337e+00	8.998957e-03	6.134791e-03	5.195010e+02	6.566496e-02
2.560190e+00	8.943982e-03	6.097312e-03	5.163273e+02	6.526381e-02
2.568067e+00	8.889341e-03	6.060063e-03	5.131730e+02	6.486510e-02
2.575969e+00	8.835034e-03	6.023040e-03	5.100378e+02	6.446882e-02
2.583895e+00	8.781057e-03	5.986243e-03	5.069218e+02	6.407495e-02
2.591845e+00	8.727409e-03	5.949670e-03	5.038248e+02	6.368349e-02
2.599820e+00	8.674089e-03	5.913320e-03	5.007467e+02	6.329441e-02
2.607819e+00	8.621093e-03	5.877192e-03	4.976873e+02	6.290771e-02
2.615843e+00	8.568420e-03	5.841284e-03	4.946465e+02	6.252336e-02
2.623892e+00	8.516069e-03	5.805594e-03	4.916243e+02	6.214135e-02
2.631965e+00	8.464036e-03	5.770123e-03	4.886205e+02	6.176167e-02
2.640064e+00	8.412321e-03	5.734867e-03	4.856351e+02	6.138431e-02
2.648187e+00	8.360921e-03	5.699827e-03	4.826678e+02	6.100924e-02
2.656335e+00	8.309834e-03	5.665000e-03	4.797186e+02	6.063646e-02
2.664508e+00	8.259059e-03	5.630385e-03	4.767874e+02	6.026596e-02
2.672707e+00	8.208593e-03	5.595981e-03	4.738740e+02	5.989771e-02
2.680930e+00	8.158435e-03	5.561787e-03	4.709784e+02	5.953171e-02
2.689179e+00	8.108582e-03	5.527802e-03	4.681005e+02	5.916794e-02
2.697454e+00	8.059034e-03	5.494023e-03	4.652401e+02	5.880639e-02
2.705753e+00	8.009787e-03	5.460451e-03	4.623972e+02	5.844704e-02
2.714079e+00	7.960841e-03	5.427083e-03	4.595716e+02	5.808988e-02
2.722429e+00	7.912193e-03	5.393919e-03	4.567632e+02	5.773490e-02
2.730806e+00	7.863842e-03	5.360957e-03	4.539719e+02	5.738208e-02
2.739208e+00	7.815785e-03	5.328196e-03	4.511977e+02	5.703141e-02
2.747637e+00	7.768022e-03	5.295634e-03	4.484403e+02	5.668289e-02
2.756091e+00	7.720550e-03	5.263271e-03	4.456998e+02	5.633648e-02
2.764571e+00	7.673367e-03	5.231106e-03	4.429760e+02	5.599219e-02
2.773077e+00	7.626472e-03	5.199136e-03	4.402688e+02	5.565000e-02
2.781610e+00	7.579863e-03	5.167362e-03	4.375781e+02	5.530990e-02
2.790168e+00	7.533538e-03	5.135781e-03	4.349038e+02	5.497187e-02
2.798753e+00	7.487495e-03	5.104393e-03	4.322458e+02	5.463590e-02
2.807365e+00	7.441734e-03	5.073196e-03	4.296040e+02	5.430198e-02
2.816003e+00	7.396251e-03	5.042190e-03	4.269783e+02	5.397009e-02
2.824667e+00	7.351045e-03	5.011372e-03	4.243687e+02	5.364023e-02
2.833359e+00	7.306116e-03	4.980743e-03	4.217749e+02	5.331238e-02
2.842076e+00	7.261460e-03	4.950300e-03	4.191970e+02	5.298653e-02
2.850821e+00	7.217077e-03	4.920043e-03	4.166348e+02	5.266266e-02
2.859593e+00	7.172964e-03	4.889970e-03	4.140882e+02	5.234078e-02
2.868391e+00	7.129120e-03	4.860081e-03	4.115571e+02	5.202085e-02
2.877217e+00	7.085544e-03	4.830374e-03	4.090415e+02	5.170288e-02
2.886070e+00	7.042233e-03	4.800848e-03	4.065412e+02	5.138684e-02
2.894950e+00	6.999187e-03	4.771502e-03	4.040562e+02	5.107273e-02
2.903858e+00	6.956403e-03	4.742335e-03	4.015863e+02	5.076054e-02
2.912792e+00	6.913880e-03	4.713347e-03	3.991315e+02	5.045025e-02
2.921755e+00	6.871616e-03	4.684535e-03	3.966917e+02	5.014186e-02
2.930745e+00	6.829610e-03	4.655898e-03	3.942667e+02	4.983534e-02
2.939762e+00	6.787861e-03	4.627437e-03	3.918566e+02	4.953070e-02
2.948808e+00	6.746366e-03	4.599148e-03	3.894611e+02	4.922791e-02
2.957881e+00	6.705124e-03	4.571033e-03	3.870802e+02	4.892697e-02
2.966982e+00	6.664134e-03	4.543089e-03	3.847139e+02	4.862787e-02
2.976111e+00	6.623393e-03	4.515315e-03	3.823620e+02	4.833059e-02
2.985268e+00	6.582901e-03	4.487711e-03	3.800245e+02	4.803512e-02
2.994453e+00	6.542657e-03	4.460275e-03	3.777012e+02	4.774145e-02
3.003667e+00	6.502657e-03	4.433007e-03	3.753920e+02	4.744958e-02
3.012909e+00	6.462902e-03	4.405905e-03	3.730970e+02	4.715949e-02
3.022179e+00	6.423389e-03	4.378968e-03	3.708160e+02	4.687116e-02
3.031478e+00	6.384117e-03	4.352196e-03	3.685488e+02	4.658460e-02
3.040806e+00	6.345085e-03	4.325586e-03	3.662956e+02	4.629978e-02
3.050162e+00	6.306291e-03	4.299140e-03	3.640560e+02	4.601671e-02
3.059547e+00	6.267734e-03	4.272854e-03	3.618301e+02	4.573535e-02
3.068961e+00	6.229411e-03	4.246729e-03	3.596178e+02	4.545572e-02
3.078404e+00	6.191323e-03	4.220763e-03	3.574190e+02	4.517779e-02
3.087875e+00	6.153467e-03	4.194956e-03	3.552336e+02	4.490156e-02
3.097376e+00	6.115842e-03	4.169306e-03	3.530616e+02	4.462701e-02
3.106907e+00	6.078446e-03	4.143813e-03	3.509028e+02	4.435413e-02
3.116466e+00	6.041279e-03	4.118475e-03	3.487571e+02	4.408292e-02
3.126055e+00	6.004338e-03	4.093292e-03	3.466246e+02	4.381337e-02
3.135674e+00	5.967623e-03	4.068262e-03	3.445050e+02	4.354546e-02
3.145322e+00	5.931132e-03	4.043385e-03	3.423984e+02	4.327919e-02
3.155000e+00	5.894863e-03	4.018660e-03	3.403047e+02	4.301454e-02
3.164707e+00	5.858816e-03	3.994086e-03	3.382237e+02	4.275150e-02
3.174445e+00	5.822989e-03	3.969662e-03	3.361554e+02	4.249007e-02
3.184212e+00	5.787380e-03	3.945386e-03	3.340998e+02	4.223024e-02
3.194010e+00	5.751989e-03	3.921259e-03	3.320567e+02	4.197199e-02
3.203837e+00	5.716813e-03	3.897279e-03	3.300260e+02	4.171531e-02
3.213695e+00	5.681852e-03	3.873446e-03	3.280078e+02	4.146021e-02
3.223583e+00	5.647105e-03	3.849758e-03	3.260018e+02	4.120666e-02
3.233502e+00	5.612569e-03	3.826214e-03	3.240081e+02	4.095465e-02
3.243451e+00	5.578245e-03	3.802814e-03	3.220266e+02	4.070419e-02
3.253431e+00	5.544130e-03	3.779557e-03	3.200572e+02	4.045525e-02
3.263441e+00	5.510223e-03	3.756442e-03	3.180998e+02	4.020783e-02
3.273482e+00	5.476522e-03	3.733468e-03	3.161543e+02	3.996192e-02
3.283555e+00	5.443028e-03	3.710634e-03	3.142207e+02	3.971752e-02
3.293658e+00	5.409738e-03	3.687939e-03	3.122989e+02	3.947460e-02
3.303792e+00	5.376651e-03	3.665383e-03	3.103888e+02	3.923317e-02
3.313957e+00	5.343766e-03	3.642965e-03	3.084904e+02	3.899321e-02
3.324154e+00	5.311082e-03	3.620683e-03	3.066036e+02	3.875471e-02
3.334382e+00	5.278597e-03	3.598538e-03	3.047283e+02	3.851767e-02
3.344641e+00	5.246311e-03	3.576527e-03	3.028644e+02	3.828208e-02
3.354933e+00	5.214221e-03	3.554651e-03	3.010119e+02	3.804793e-02
3.365255e+00	5.182328e-03	3.532909e-03	2.991707e+02	3.781520e-02
3.375610e+00	5.150629e-03	3.511299e-03	2.973408e+02	3.758389e-02
3.385996e+00	5.119124e-03	3.489821e-03	2.955220e+02	3.735400e-02
3.396414e+00	5.087810e-03	3.468474e-03	2.937143e+02	3.712551e-02
3.406865e+00	5.056688e-03	3.447258e-03	2.919177e+02	3.689841e-02
3.417347e+00	5.025756e-03	3.426171e-03	2.901320e+02	3.667271e-02
3.427862e+00	4.995013e-03	3.405212e-03	2.883572e+02	3.644837e-02
3.438409e+00	4.964458e-03	3.384382e-03	2.865933e+02	3.622541e-02
3.448989e+00	4.934089e-03	3.363679e-03	2.848401e+02	3.600381e-02
3.459601e+00	4.903905e-03	3.343102e-03	2.830976e+02	3.578356e-02
3.470246e+00	4.873906e-03	3.322651e-03	2.813658e+02	3.556466e-02
3.480923e+00	4.844089e-03	3.302324e-03	2.796445e+02	3.534709e-02
3.491634e+00	4.814455e-03	3.282122e-03	2.779338e+02	3.513085e-02
3.502377e+00	4.785002e-03	3.262043e-03	2.762335e+02	3.491593e-02
3.513154e+00	4.755728e-03	3.242086e-03	2.745436e+02	3.470232e-02
3.523963e+00	4.726634e-03	3.222252e-03	2.728639e+02	3.449002e-02
3.534806e+00	4.697716e-03	3.202538e-03	2.711946e+02	3.427901e-02
3.545682e+00	4.668976e-03	3.182945e-03	2.695354e+02	3.406929e-02
3.556592e+00	4.640411e-03	3.163472e-03	2.678864e+02	3.386086e-02
3.567535e+00	4.612020e-03	3.144117e-03	2.662474e+02	3.365369e-02
3.578512e+00	4.583803e-03	3.124881e-03	2.646184e+02	3.344779e-02
3.589523e+00	4.555757e-03	3.105762e-03	2.629994e+02	3.324314e-02
3.600567e+00	4.527883e-03	3.086759e-03	2.613903e+02	3.303975e-02
3.611646e+00	4.500180e-03	3.067873e-03	2.597910e+02	3.283760e-02
3.622758e+00	4.472645e-03	3.049102e-03	2.582014e+02	3.263668e-02
3.633905e+00	4.445279e-03	3.030446e-03	2.566216e+02	3.243699e-02
3.645086e+00	4.418079e-03	3.011904e-03	2.550514e+02	3.223851e-02
3.656302e+00	4.391046e-03	2.993474e-03	2.534908e+02	3.204125e-02
3.667552e+00	4.364178e-03	2.975158e-03	2.519397e+02	3.184520e-02
3.678836e+00	4.337474e-03	2.956953e-03	2.503981e+02	3.165034e-02
3.690156e+00	4.310933e-03	2.938859e-03	2.488659e+02	3.145667e-02
3.701510e+00	4.284554e-03	2.920876e-03	2.473431e+02	3.126418e-02
3.712899e+00	4.258336e-03	2.903003e-03	2.458296e+02	3.107287e-02
3.724323e+00	4.232278e-03	2.885238e-03	2.443253e+02	3.088273e-02
3.735783e+00	4.206379e-03	2.867583e-03	2.428302e+02	3.069375e-02
3.747277e+00	4.180639e-03	2.850035e-03	2.413442e+02	3.050592e-02
3.758807e+00	4.155055e-03	2.832594e-03	2.398673e+02	3.031924e-02
3.770372e+00	4.129628e-03	2.815260e-03	2.383994e+02	3.013370e-02
3.781973e+00	4.104356e-03	2.798031e-03	2.369405e+02	2.994929e-02
3.793610e+00	4.079239e-03	2.780908e-03	2.354905e+02	2.976601e-02
3.805283e+00	4.054275e-03	2.763890e-03	2.340493e+02	2.958385e-02
3.816991e+00	4.029463e-03	2.746975e-03	2.326170e+02	2.940280e-02
3.828736e+00	4.004803e-03	2.730164e-03	2.311934e+02	2.922286e-02
3.840516e+00	3.980293e-03	2.713455e-03	2.297784e+02	2.904401e-02
3.852333e+00	3.955934e-03	2.696848e-03	2.283722e+02	2.886626e-02
3.864186e+00	3.931723e-03	2.680343e-03	2.269745e+02	2.868959e-02
3.876076e+00	3.907659e-03	2.663939e-03	2.255854e+02	2.851400e-02
3.888002e+00	3.883743e-03	2.647635e-03	2.242047e+02	2.833949e-02
3.899965e+00	3.859973e-03	2.631430e-03	2.228325e+02	2.816604e-02
3.911965e+00	3.836348e-03	2.615324e-03	2.214686e+02	2.799365e-02
3.924001e+00	3.812867e-03	2.599317e-03	2.201131e+02	2.782231e-02
3.936075e+00	3.789530e-03	2.583408e-03	2.187659e+02	2.765202e-02
3.948186e+00	3.766336e-03	2.567595e-03	2.174269e+02	2.748277e-02
3.960334e+00	3.743283e-03	2.551879e-03	2.160960e+02	2.731455e-02
3.972520e+00	3.720370e-03	2.536260e-03	2.147733e+02	2.714737e-02
3.984743e+00	3.697598e-03	2.520735e-03	2.134587e+02	2.698120e-02
3.997003e+00	3.674965e-03	2.505306e-03	2.121521e+02	2.681605e-02
4.009301e+00	3.652470e-03	2.489971e-03	2.108535e+02	2.665190e-02
4.021638e+00	3.630113e-03	2.474729e-03	2.095629e+02	2.648876e-02
4.034012e+00	3.607892e-03	2.459581e-03	2.082801e+02	2.632662e-02
4.046424e+00	3.585807e-03	2.444525e-03	2.070051e+02	2.616546e-02
4.058874e+00	3.563857e-03	2.429561e-03	2.057380e+02	2.600529e-02
4.071363e+00	3.542040e-03	2.414688e-03	2.044785e+02	2.584610e-02
4.083890e+00	3.520358e-03	2.399907e-03	2.032268e+02	2.568788e-02
4.096456e+00	3.498807e-03	2.385215e-03	2.019827e+02	2.553063e-02
4.109060e+00	3.477389e-03	2.370614e-03	2.007462e+02	2.537434e-02
4.121703e+00	3.456101e-03	2.356101e-03	1.995173e+02	2.521900e-02
4.134385e+00	3.434943e-03	2.341677e-03	1.982959e+02	2.506461e-02
4.147106e+00	3.413914e-03	2.327342e-03	1.970819e+02	2.491117e-02
4.159866e+00	3.393014e-03	2.313094e-03	1.958754e+02	2.475866e-02
4.172666e+00	3.372242e-03	2.298933e-03	1.946762e+02	2.460709e-02
4.185505e+00	3.351596e-03	2.284858e-03	1.934844e+02	2.445644e-02
4.198383e+00	3.331077e-03	2.270870e-03	1.922998e+02	2.430671e-02
4.211301e+00	3.310683e-03	2.256967e-03	1.911225e+02	2.415790e-02
4.224259e+00	3.290414e-03	2.243149e-03	1.899524e+02	2.400999e-02
4.237256e+00	3.270268e-03	2.229415e-03	1.887894e+02	2.386299e-02
4.250294e+00	3.250246e-03	2.215765e-03	1.876335e+02	2.371689e-02
4.263371e+00	3.230346e-03	2.202199e-03	1.864847e+02	2.357168e-02
4.276489e+00	3.210567e-03	2.188715e-03	1.853429e+02	2.342736e-02
4.289648e+00	3.190910e-03	2.175314e-03	1.842081e+02	2.328392e-02
4.302846e+00	3.171372e-03	2.161995e-03	1.830802e+02	2.314135e-02
4.316086e+00	3.151954e-03	2.148758e-03	1.819592e+02	2.299966e-02
4.329366e+00	3.132654e-03	2.135601e-03	1.808451e+02	2.285883e-02
4.342687e+00	3.113473e-03	2.122524e-03	1.797377e+02	2.271886e-02
4.356049e+00	3.094409e-03	2.109528e-03	1.786372e+02	2.257975e-02
4.369452e+00	3.075461e-03	2.096610e-03	1.775433e+02	2.244149e-02
4.382896e+00	3.056629e-03	2.083772e-03	1.764562e+02	2.230407e-02
4.396382e+00	3.037912e-03	2.071012e-03	1.753757e+02	2.216750e-02
4.409909e+00	3.019309e-03	2.058331e-03	1.743018e+02	2.203176e-02
4.423478e+00	3.000820e-03	2.045726e-03	1.732344e+02	2.189684e-02
4.437088e+00	2.982444e-03	2.033199e-03	1.721736e+02	2.176276e-02
4.450741e+00	2.964181e-03	2.020748e-03	1.711193e+02	2.162949e-02
4.464435e+00	2.946029e-03	2.008374e-03	1.700714e+02	2.149703e-02
4.478172e+00	2.927988e-03	1.996075e-03	1.690299e+02	2.136539e-02
4.491950e+00	2.910057e-03	1.983851e-03	1.679947e+02	2.123455e-02
4.505772e+00	2.892236e-03	1.971702e-03	1.669659e+02	2.110451e-02
4.519635e+00	2.874524e-03	1.959627e-03	1.659434e+02	2.097526e-02
4.533542e+00	2.856920e-03	1.947626e-03	1.649272e+02	2.084681e-02
4.547491e+00	2.839423e-03	1.935698e-03	1.639171e+02	2.071913e-02
4.561483e+00	2.822034e-03	1.923843e-03	1.629132e+02	2.059224e-02
4.575518e+00	2.804750e-03	1.912061e-03	1.619155e+02	2.046613e-02
4.589597e+00	2.787573e-03	1.900351e-03	1.609238e+02	2.034079e-02
4.603718e+00	2.770500e-03	1.888712e-03	1.599383e+02	2.021621e-02
4.617883e+00	2.753532e-03	1.877144e-03	1.589587e+02	2.009239e-02
4.632092e+00	2.736667e-03	1.865647e-03	1.579851e+02	1.996933e-02
4.646345e+00	2.719906e-03	1.854221e-03	1.570175e+02	1.984702e-02
4.660641e+00	2.703247e-03	1.842864e-03	1.560558e+02	1.972546e-02
4.674981e+00	2.686690e-03	1.831577e-03	1.551000e+02	1.960465e-02
4.689365e+00	2.670234e-03	1.820358e-03	1.541500e+02	1.948457e-02
4.703794e+00	2.653879e-03	1.809208e-03	1.532058e+02	1.936523e-02
4.718267e+00	2.637623e-03	1.798127e-03	1.522674e+02	1.924661e-02
4.732785e+00	2.621467e-03	1.787113e-03	1.513347e+02	1.912872e-02
4.747347e+00	2.605410e-03	1.776166e-03	1.504078e+02	1.901155e-02
4.761954e+00	2.589451e-03	1.765286e-03	1.494865e+02	1.889510e-02
4.776606e+00	2.573589e-03	1.754473e-03	1.485708e+02	1.877936e-02
4.791303e+00	2.557825e-03	1.743726e-03	1.476607e+02	1.866432e-02
4.806045e+00	2.542156e-03	1.733045e-03	1.467562e+02	1.854999e-02
4.820833e+00	2.526584e-03	1.722429e-03	1.458572e+02	1.843636e-02
4.835666e+00	2.511107e-03	1.711878e-03	1.449637e+02	1.832343e-02
4.850545e+00	2.495724e-03	1.701391e-03	1.440757e+02	1.821118e-02
4.865469e+00	2.480436e-03	1.690968e-03	1.431931e+02	1.809962e-02
4.880440e+00	2.465241e-03	1.680610e-03	1.423159e+02	1.798874e-02
4.895456e+00	2.450138e-03	1.670314e-03	1.414441e+02	1.787854e-02
4.910519e+00	2.435129e-03	1.660082e-03	1.405776e+02	1.776902e-02
4.925628e+00	2.420210e-03	1.649912e-03	1.397164e+02	1.766016e-02
4.940784e+00	2.405384e-03	1.639804e-03	1.388604e+02	1.755197e-02
4.955986e+00	2.390647e-03	1.629758e-03	1.380097e+02	1.744444e-02
4.971235e+00	2.376001e-03	1.619773e-03	1.371642e+02	1.733757e-02
4.986531e+00	2.361445e-03	1.609850e-03	1.363239e+02	1.723135e-02
5.001874e+00	2.346977e-03	1.599987e-03	1.354887e+02	1.712578e-02
5.017264e+00	2.332598e-03	1.590184e-03	1.346586e+02	1.702086e-02
5.032702e+00	2.318307e-03	1.580441e-03	1.338336e+02	1.691657e-02
5.048187e+00	2.304103e-03	1.570758e-03	1.330136e+02	1.681293e-02
5.063720e+00	2.289986e-03	1.561135e-03	1.321986e+02	1.670992e-02
5.079300e+00	2.275955e-03	1.551570e-03	1.313887e+02	1.660754e-02
5.094928e+00	2.262010e-03	1.542063e-03	1.305836e+02	1.650578e-02
5.110605e+00	2.248151e-03	1.532615e-03	1.297835e+02	1.640465e-02
5.126330e+00	2.234376e-03	1.523224e-03	1.289883e+02	1.630413e-02
5.142103e+00	2.220685e-03	1.513891e-03	1.281980e+02	1.620423e-02
5.157925e+00	2.207078e-03	1.504615e-03	1.274125e+02	1.610495e-02
5.173795e+00	2.193555e-03	1.495395e-03	1.266318e+02	1.600626e-02
5.189714e+00	2.180114e-03	1.486232e-03	1.258558e+02	1.590819e-02
5.205682e+00	2.166755e-03	1.477125e-03	1.250846e+02	1.581071e-02
5.221699e+00	2.153478e-03	1.468074e-03	1.243182e+02	1.571382e-02
5.237766e+00	2.140282e-03	1.459078e-03	1.235564e+02	1.561753e-02
5.253882e+00	2.127167e-03	1.450137e-03	1.227992e+02	1.552183e-02
5.270048e+00	2.114132e-03	1.441251e-03	1.220467e+02	1.542672e-02
5.286263e+00	2.101176e-03	1.432419e-03	1.212989e+02	1.533218e-02
5.302528e+00	2.088300e-03	1.423641e-03	1.205555e+02	1.523823e-02
5.318843e+00	2.075503e-03	1.414917e-03	1.198168e+02	1.514485e-02
5.335209e+00	2.062784e-03	1.406246e-03	1.190825e+02	1.505204e-02
5.351625e+00	2.050143e-03	1.397628e-03	1.183527e+02	1.495979e-02
5.368091e+00	2.037579e-03	1.389063e-03	1.176274e+02	1.486811e-02
5.384608e+00	2.025091e-03	1.380550e-03	1.169065e+02	1.477700e-02
5.401176e+00	2.012681e-03	1.372089e-03	1.161901e+02	1.468644e-02
5.417795e+00	2.000346e-03	1.363681e-03	1.154780e+02	1.459643e-02
5.434465e+00	1.988086e-03	1.355323e-03	1.147703e+02	1.450697e-02
5.451186e+00	1.975902e-03	1.347017e-03	1.140669e+02	1.441806e-02
5.467959e+00	1.963792e-03	1.338761e-03	1.133678e+02	1.432970e-02
5.484783e+00	1.951756e-03	1.330556e-03	1.126730e+02	1.424187e-02
5.501659e+00	1.939794e-03	1.322401e-03	1.119824e+02	1.415459e-02
5.518587e+00	1.927905e-03	1.314296e-03	1.112961e+02	1.406783e-02
5.535567e+00	1.916089e-03	1.306241e-03	1.106139e+02	1.398161e-02
5.552599e+00	1.904345e-03	1.298234e-03	1.099360e+02	1.389591e-02
5.569684e+00	1.892672e-03	1.290277e-03	1.092621e+02	1.381074e-02
5.586821e+00	1.881072e-03	1.282369e-03	1.085924e+02	1.372609e-02
5.604011e+00	1.869542e-03	1.274508e-03	1.079268e+02	1.364196e-02
5.621254e+00	1.858082e-03	1.266696e-03	1.072653e+02	1.355834e-02
5.638550e+00	1.846693e-03	1.258932e-03	1.066078e+02	1.347523e-02
5.655899e+00	1.835374e-03	1.251215e-03	1.059543e+02	1.339263e-02
5.673302e+00	1.824123e-03	1.243546e-03	1.053049e+02	1.331054e-02
5.690758e+00	1.812942e-03	1.235923e-03	1.046594e+02	1.322895e-02
5.708268e+00	1.801829e-03	1.228347e-03	1.040178e+02	1.314786e-02
5.725831e+00	1.790784e-03	1.220817e-03	1.033802e+02	1.306726e-02
5.743449e+00	1.779806e-03	1.213334e-03	1.027465e+02	1.298716e-02
5.761121e+00	1.768896e-03	1.205896e-03	1.021166e+02	1.290755e-02
5.778847e+00	1.758052e-03	1.198503e-03	1.014906e+02	1.282842e-02
5.796628e+00	1.747275e-03	1.191156e-03	1.008685e+02	1.274978e-02
5.814464e+00	1.736563e-03	1.183854e-03	1.002501e+02	1.267162e-02
5.832354e+00	1.725917e-03	1.176597e-03	9.963553e+01	1.259394e-02
5.850300e+00	1.715337e-03	1.169383e-03	9.902471e+01	1.251673e-02
5.868300e+00	1.704821e-03	1.162214e-03	9.841764e+01	1.244000e-02
5.886357e+00	1.694369e-03	1.155089e-03	9.781427e+01	1.236373e-02
5.904468e+00	1.683981e-03	1.148008e-03	9.721460e+01	1.228793e-02
5.922636e+00	1.673657e-03	1.140970e-03	9.661860e+01	1.221260e-02
5.940859e+00	1.663396e-03	1.133974e-03	9.602624e+01	1.213772e-02
5.959138e+00	1.653198e-03	1.127022e-03	9.543751e+01	1.206331e-02
5.977474e+00	1.643062e-03	1.120112e-03	9.485238e+01	1.198935e-02
5.995866e+00	1.632988e-03	1.113245e-03	9.427082e+01	1.191584e-02
6.014314e+00	1.622976e-03	1.106419e-03	9.369283e+01	1.184278e-02
6.032820e+00	1.613025e-03	1.099635e-03	9.311838e+01	1.177017e-02
6.051382e+00	1.603135e-03	1.092893e-03	9.254744e+01	1.169800e-02
6.070001e+00	1.593306e-03	1.086192e-03	9.197999e+01	1.162628e-02
6.088678e+00	1.583536e-03	1.079532e-03	9.141601e+01	1.155499e-02
6.107412e+00	1.573827e-03	1.072913e-03	9.085549e+01	1.148414e-02
6.126204e+00	1.564177e-03	1.066334e-03	9.029839e+01	1.141372e-02
6.145054e+00	1.554586e-03	1.059796e-03	8.974471e+01	1.134374e-02
6.163961e+00	1.545053e-03	1.053297e-03	8.919441e+01	1.127418e-02
6.182927e+00	1.535579e-03	1.046839e-03	8.864748e+01	1.120505e-02
6.201951e+00	1.526163e-03	1.040419e-03	8.810389e+01	1.113634e-02
6.221034e+00	1.516804e-03	1.034039e-03	8.756363e+01	1.106805e-02
6.240175e+00	1.507503e-03	1.027699e-03	8.702668e+01	1.100018e-02
6.259376e+00	1.498259e-03	1.021397e-03	8.649302e+01	1.093272e-02
6.278635e+00	1.489071e-03	1.015133e-03	8.596262e+01	1.086568e-02
6.297954e+00	1.479940e-03	1.008908e-03	8.543546e+01	1.079905e-02
6.317332e+00	1.470864e-03	1.002721e-03	8.491153e+01	1.073282e-02
6.336770e+00	1.461844e-03	9.965716e-04	8.439081e+01	1.066700e-02
6.356267e+00	1.452879e-03	9.904600e-04	8.387327e+01	1.060159e-02
6.375825e+00	1.443969e-03	9.843858e-04	8.335891e+01	1.053657e-02
6.395442e+00	1.435113e-03	9.783488e-04	8.284769e+01	1.047195e-02
6.415120e+00	1.426312e-03	9.723487e-04	8.233959e+01	1.040773e-02
6.434859e+00	1.417564e-03	9.663854e-04	8.183461e+01	1.034390e-02
6.454658e+00	1.408871e-03	9.604586e-04	8.133272e+01	1.028046e-02
6.474518e+00	1.400230e-03	9.545680e-04	8.083390e+01	1.021741e-02
6.494440e+00	1.391642e-03	9.487135e-04	8.033813e+01	1.015475e-02
6.514422e+00	1.383107e-03	9.428948e-04	7.984540e+01	1.009246e-02
6.534467e+00	1.374624e-03	9.371117e-04	7.935568e+01	1.003056e-02
6.554572e+00	1.366193e-03	9.313640e-04	7.886896e+01	9.969042e-03
6.574740e+00	1.357813e-03	9.256515e-04	7.838522e+01	9.907897e-03
6.594970e+00	1.349485e-03	9.199740e-04	7.790444e+01	9.847126e-03
6.615262e+00	1.341208e-03	9.143312e-04	7.742660e+01	9.786727e-03
6.635616e+00	1.332981e-03	9.087229e-04	7.695169e+01	9.726698e-03
6.656033e+00	1.324805e-03	9.031490e-04	7.647968e+01	9.667037e-03
6.676513e+00	1.316678e-03	8.976092e-04	7.601056e+01	9.607740e-03
6.697056e+00	1.308602e-03	8.921033e-04	7.554431e+01	9.548807e-03
6.717662e+00	1.300575e-03	8.866311e-04	7.508092e+01	9.490234e-03
6.738331e+00	1.292597e-03	8.811923e-04	7.462037e+01	9.432020e-03
6.759065e+00	1.284668e-03	8.757869e-04	7.416263e+01	9.374162e-03
6.779861e+00	1.276788e-03	8.704146e-04	7.370769e+01	9.316658e-03
6.800722e+00	1.268955e-03	8.650752e-04	7.325554e+01	9.259506e-03
6.821647e+00	1.261171e-03	8.597684e-04	7.280616e+01	9.202704e-03
6.842637e+00	1.253434e-03	8.544941e-04	7.235953e+01	9.146250e-03
6.863691e+00	1.245745e-03	8.492521e-04	7.191563e+01	9.090141e-03
6.884809e+00	1.238103e-03	8.440422e-04	7.147445e+01	9.034376e-03
6.905993e+00	1.230507e-03	8.388642e-04	7.103597e+01	8.978952e-03
6.927242e+00	1.222958e-03	8.337179e-04	7.060018e+01	8.923867e-03
6.948557e+00	1.215455e-03	8.286031e-04	7.016705e+01	8.869120e-03
6.969936e+00	1.207998e-03	8.235196e-04	6.973657e+01	8.814707e-03
6.991382e+00	1.200587e-03	8.184672e-04	6.930873e+01	8.760628e-03
7.012894e+00	1.193221e-03	8.134458e-04	6.888351e+01	8.706880e-03
7.034472e+00	1.185901e-03	8.084551e-04	6.846089e+01	8.653461e-03
7.056116e+00	1.178625e-03	8.034949e-04	6.804086e+01	8.600369e-03
7.077827e+00	1.171393e-03	7.985651e-04	6.762340e+01	8.547602e-03
7.099605e+00	1.164206e-03	7.936655e-04	6.720849e+01	8.495158e-03
7.121449e+00	1.157063e-03	7.887959e-04	6.679613e+01	8.443035e-03
7.143361e+00	1.149964e-03	7.839561e-04	6.638629e+01	8.391232e-03
7.165340e+00	1.142908e-03	7.791459e-04	6.597896e+01	8.339745e-03
7.187387e+00	1.135895e-03	7.743652e-04	6.557412e+01	8.288574e-03
7.209502e+00	1.128925e-03	7.696138e-04	6.517176e+01	8.237716e-03
7.231685e+00	1.121998e-03	7.648914e-04	6.477187e+01	8.187169e-03
7.253936e+00	1.115114e-03	7.601979e-04	6.437442e+01	8.136932e-03
7.276255e+00	1.108271e-03	7.555332e-04	6.397941e+01	8.087002e-03
7.298644e+00	1.101471e-03	7.508971e-04	6.358682e+01	8.037378e-03
7.321101e+00	1.094712e-03	7.462893e-04	6.319663e+01	7.988058e-03
7.343627e+00	1.087994e-03	7.417098e-04	6.280882e+01	7.939040e-03
7.366222e+00	1.081317e-03	7.371583e-04	6.242340e+01	7.890322e-03
7.388887e+00	1.074682e-03	7.326346e-04	6.204033e+01	7.841902e-03
7.411622e+00	1.068087e-03	7.281387e-04	6.165961e+01	7.793779e-03
7.434427e+00	1.061532e-03	7.236703e-04	6.128122e+01	7.745950e-03
7.457302e+00	1.055018e-03	7.192292e-04	6.090514e+01	7.698415e-03
7.480247e+00	1.048543e-03	7.148154e-04	6.053137e+01	7.651170e-03
7.503263e+00	1.042108e-03	7.104285e-04	6.015989e+01	7.604215e-03
7.526350e+00	1.035713e-03	7.060686e-04	5.979068e+01	7.557547e-03
7.549507e+00	1.029356e-03	7.017353e-04	5.942374e+01	7.511165e-03
7.572736e+00	1.023039e-03	6.974285e-04	5.905904e+01	7.465067e-03
7.596037e+00	1.016760e-03	6.931482e-04	5.869657e+01	7.419251e-03
7.619409e+00	1.010520e-03	6.888940e-04	5.833633e+01	7.373716e-03
7.642853e+00	1.004318e-03	6.846659e-04	5.797829e+01	7.328459e-03
7.666369e+00	9.981537e-04	6.804637e-04	5.762244e+01	7.283480e-03
7.689958e+00	9.920274e-04	6.762872e-04	5.726877e+01	7.238776e-03
7.713619e+00	9.859385e-04	6.721363e-04	5.691727e+01	7.194346e-03
7.737353e+00	9.798870e-04	6.680108e-04	5.656792e+01	7.150188e-03
7.761160e+00	9.738725e-04	6.639106e-04	5.622070e+01	7.106301e-03
7.785040e+00	9.678948e-04	6.598355e-04	5.587562e+01	7.062682e-03
7.808994e+00	9.619537e-04	6.557854e-04	5.553265e+01	7.019331e-03
7.833021e+00	9.560491e-04	6.517600e-04	5.519178e+01	6.976245e-03
7.857122e+00	9.501806e-04	6.477593e-04	5.485299e+01	6.933422e-03
7.881298e+00	9.443480e-04	6.437831e-04	5.451629e+01	6.890862e-03
7.905548e+00	9.385511e-04	6.398313e-04	5.418164e+01	6.848563e-03
7.929872e+00	9.327898e-04	6.359037e-04	5.384904e+01	6.806523e-03
7.954271e+00	9.270637e-04	6.320001e-04	5.351848e+01	6.764740e-03
7.978746e+00	9.213727e-04	6.281204e-04	5.318995e+01	6.723213e-03
8.003295e+00	9.157166e-04	6.242645e-04	5.286342e+01	6.681941e-03
8.027921e+00	9.100951e-04	6.204322e-04	5.253890e+01	6.640921e-03
8.052622e+00	9.045081e-04	6.166234e-04	5.221637e+01	6.600152e-03
8.077399e+00	8.989552e-04	6.128379e-04	5.189581e+01	6.559633e-03
8.102252e+00	8.934364e-04	6.090756e-04	5.157721e+01	6.519363e-03
8.127182e+00	8.879514e-04	6.053363e-04	5.126056e+01	6.479339e-03
8.152188e+00	8.824999e-04	6.016199e-04	5.094586e+01	6.439560e-03
8.177271e+00	8.770819e-04	5.979263e-04	5.063308e+01	6.400025e-03
8.202432e+00	8.716970e-04	5.942554e-04	5.032222e+01	6.360732e-03
8.227670e+00	8.663452e-04	5.906069e-04	5.001326e+01	6.321679e-03
8.252985e+00	8.610261e-04	5.869807e-04	4.970619e+01	6.282866e-03
8.278379e+00	8.557396e-04	5.833768e-04	4.940101e+01	6.244291e-03
8.303850e+00	8.504854e-04	5.797949e-04	4.909769e+01	6.205952e-03
8.329400e+00	8.452635e-04	5.762350e-04	4.879623e+01	6.167847e-03
8.355029e+00	8.400735e-04	5.726969e-04	4.849662e+01	6.129977e-03
8.380737e+00	8.349154e-04	5.691805e-04	4.819885e+01	6.092338e-03
8.406523e+00	8.297888e-04	5.656856e-04	4.790290e+01	6.054929e-03
8.432389e+00	8.246936e-04	5.622121e-04	4.760876e+01	6.017750e-03
8.458335e+00	8.196297e-04	5.587599e-04	4.731642e+01	5.980799e-03
8.484360e+00	8.145968e-04	5.553288e-04	4.702587e+01	5.944074e-03
8.510465e+00	8.095947e-04	5.519188e-04	4.673711e+01	5.907574e-03
8.536651e+00	8.046232e-04	5.485296e-04	4.645011e+01	5.871297e-03
8.562917e+00	7.996822e-04	5.451613e-04	4.616487e+01	5.835243e-03
8.589264e+00	7.947715e-04	5.418135e-04	4.588138e+01	5.799410e-03
8.615693e+00	7.898909e-04	5.384863e-04	4.559963e+01	5.763796e-03
8.642202e+00	7.850401e-04	5.351794e-04	4.531960e+01	5.728400e-03
8.668793e+00	7.802191e-04	5.318928e-04	4.504128e+01	5.693222e-03
8.695466e+00	7.754276e-04	5.286263e-04	4.476468e+01	5.658258e-03
8.722221e+00	7.706655e-04	5.253799e-04	4.448976e+01	5.623509e-03
8.749058e+00	7.659325e-04	5.221533e-04	4.421653e+01	5.588973e-03
8.775978e+00	7.612285e-04	5.189465e-04	4.394498e+01	5.554648e-03
8.802981e+00	7.565534e-04	5.157594e-04	4.367509e+01	5.520534e-03
8.830067e+00	7.519069e-04	5.125917e-04	4.340685e+01	5.486629e-03
8.857236e+00	7.472889e-04	5.094435e-04	4.314026e+01	5.452931e-03
8.884488e+00	7.426991e-04	5.063146e-04	4.287529e+01	5.419440e-03
8.911825e+00	7.381375e-04	5.032048e-04	4.261196e+01	5.386154e-03
8.939246e+00	7.336038e-04	5.001141e-04	4.235023e+01	5.353072e-03
8.966751e+00	7.290980e-04	4.970424e-04	4.209011e+01	5.320193e-03
8.994340e+00	7.246197e-04	4.939894e-04	4.183159e+01	5.287515e-03
9.022015e+00	7.201688e-04	4.909552e-04	4.157464e+01	5.255038e-03
9.049775e+00	7.157453e-04	4.879396e-04	4.131927e+01	5.222759e-03
9.077620e+00	7.113488e-04	4.849424e-04	4.106547e+01	5.190678e-03
9.105550e+00	7.069793e-04	4.819636e-04	4.081322e+01	5.158794e-03
9.133567e+00	7.026365e-04	4.790030e-04	4.056252e+01	5.127105e-03
9.161670e+00	6.983204e-04	4.760606e-04	4.031335e+01	5.095611e-03
9.189860e+00	6.940307e-04	4.731362e-04	4.006571e+01	5.064309e-03
9.218136e+00	6.897673e-04	4.702298e-04	3.981959e+01	5.033199e-03
9.246499e+00	6.855300e-04	4.673411e-04	3.957498e+01	5.002280e-03
9.274949e+00	6.813187e-04	4.644702e-04	3.933186e+01	4.971550e-03
9.303487e+00	6.771332e-04	4.616168e-04	3.909024e+01	4.941009e-03
9.332113e+00	6.729733e-04	4.587810e-04	3.885009e+01	4.910654e-03
9.360827e+00	6.688389e-04	4.559625e-04	3.861142e+01	4.880486e-03
9.389629e+00	6.647299e-04	4.531612e-04	3.837421e+01	4.850502e-03
9.418520e+00	6.606461e-04	4.503772e-04	3.813845e+01	4.820703e-03
9.447500e+00	6.565872e-04	4.476102e-04	3.790414e+01	4.791086e-03
9.476568e+00	6.525533e-04	4.448602e-04	3.767126e+01	4.761650e-03
9.505727e+00	6.485440e-04	4.421270e-04	3.743981e+01	4.732395e-03
9.534975e+00	6.445594e-04	4.394105e-04	3.720978e+01	4.703319e-03
9.564313e+00	6.405991e-04	4.367108e-04	3.698116e+01	4.674421e-03
9.593741e+00	6.366632e-04	4.340275e-04	3.675394e+01	4.645701e-03
9.623260e+00	6.327513e-04	4.313607e-04	3.652811e+01	4.617156e-03
9.652870e+00	6.288634e-04	4.287103e-04	3.630367e+01	4.588787e-03
9.682570e+00	6.249994e-04	4.260761e-04	3.608060e+01	4.560591e-03
9.712362e+00	6.211590e-04	4.234580e-04	3.585890e+01	4.532568e-03
9.742246e+00	6.173422e-04	4.208560e-04	3.563856e+01	4.504717e-03
9.772222e+00	6.135488e-04	4.182699e-04	3.541957e+01	4.477036e-03
9.802290e+00	6.097786e-04	4.156997e-04	3.520192e+01	4.449525e-03
9.832451e+00	6.060315e-04	4.131452e-04	3.498561e+01	4.422183e-03
9.862704e+00	6.023074e-04	4.106064e-04	3.477062e+01	4.395008e-03
9.893050e+00	5.986061e-04	4.080832e-04	3.455695e+01	4.368000e-03
9.923490e+00	5.949275e-04	4.055754e-04	3.434458e+01	4.341158e-03
9.954024e+00	5.912715e-04	4.030830e-04	3.413352e+01	4.314480e-03
9.984651e+00	5.876378e-04	4.006058e-04	3.392376e+01	4.287965e-03
1.001537e+01	5.840264e-04	3.981439e-04	3.371528e+01	4.261613e-03
1.004619e+01	5.804372e-04	3.956970e-04	3.350807e+01	4.235423e-03
1.007710e+01	5.768700e-04	3.932652e-04	3.330214e+01	4.209393e-03
1.010811e+01	5.733246e-04	3.908482e-04	3.309747e+01	4.183522e-03
1.013921e+01	5.698010e-04	3.884461e-04	3.289405e+01	4.157811e-03
1.017040e+01	5.662989e-04	3.860587e-04	3.269188e+01	4.132256e-03
1.020170e+01	5.628184e-04	3.836859e-04	3.249095e+01	4.106859e-03
1.023309e+01	5.593591e-04	3.813276e-04	3.229126e+01	4.081617e-03
1.026457e+01	5.559211e-04	3.789839e-04	3.209278e+01	4.056530e-03
1.029616e+01	5.525042e-04	3.766544e-04	3.189552e+01	4.031597e-03
1.032784e+01	5.491082e-04	3.743393e-04	3.169948e+01	4.006816e-03
1.035961e+01	5.457330e-04	3.720384e-04	3.150463e+01	3.982187e-03
1.039149e+01	5.423785e-04	3.697515e-04	3.131098e+01	3.957710e-03
1.042346e+01	5.390445e-04	3.674787e-04	3.111851e+01	3.933382e-03
1.045553e+01	5.357310e-04	3.652198e-04	3.092723e+01	3.909204e-03
1.048770e+01	5.324379e-04	3.629748e-04	3.073712e+01	3.885174e-03
1.051997e+01	5.291649e-04	3.607435e-04	3.054817e+01	3.861291e-03
1.055234e+01	5.259119e-04	3.585259e-04	3.036038e+01	3.837554e-03
1.058481e+01	5.226790e-04	3.563219e-04	3.017374e+01	3.813963e-03
1.061738e+01	5.194658e-04	3.541314e-04	2.998825e+01	3.790517e-03
1.065005e+01	5.162723e-04	3.519544e-04	2.980390e+01	3.767215e-03
1.068282e+01	5.130984e-04	3.497907e-04	2.962067e+01	3.744055e-03
1.071569e+01	5.099440e-04	3.476402e-04	2.943857e+01	3.721037e-03
1.074866e+01	5.068089e-04	3.455030e-04	2.925758e+01	3.698161e-03
1.078173e+01	5.036931e-04	3.433788e-04	2.907771e+01	3.675424e-03
1.081490e+01	5.005963e-04	3.412677e-04	2.889893e+01	3.652827e-03
1.084818e+01	4.975185e-04	3.391695e-04	2.872126e+01	3.630369e-03
1.088156e+01	4.944596e-04	3.370842e-04	2.854467e+01	3.608048e-03
1.091504e+01	4.914195e-04	3.350116e-04	2.836917e+01	3.585865e-03
1.094862e+01	4.883980e-04	3.329518e-04	2.819474e+01	3.563817e-03
1.098231e+01	4.853950e-04	3.309046e-04	2.802138e+01	3.541904e-03
1.101610e+01	4.824104e-04	3.288700e-04	2.784908e+01	3.520126e-03
1.105000e+01	4.794441e-04	3.268478e-04	2.767784e+01	3.498481e-03
1.108400e+01	4.764961e-04	3.248380e-04	2.750765e+01	3.476969e-03
1.111810e+01	4.735661e-04	3.228406e-04	2.733851e+01	3.455589e-03
1.115231e+01	4.706540e-04	3.208554e-04	2.717040e+01	3.434340e-03
1.118663e+01	4.677598e-04	3.188823e-04	2.700332e+01	3.413221e-03
1.122105e+01	4.648834e-04	3.169214e-04	2.683726e+01	3.392232e-03
1.125557e+01	4.620246e-04	3.149725e-04	2.667223e+01	3.371372e-03
1.129020e+01	4.591834e-04	3.130356e-04	2.650821e+01	3.350639e-03
1.132494e+01	4.563595e-04	3.111105e-04	2.634519e+01	3.330034e-03
1.135979e+01	4.535530e-04	3.091972e-04	2.618317e+01	3.309555e-03
1.139474e+01	4.507637e-04	3.072957e-04	2.602215e+01	3.289201e-03
1.142980e+01	4.479915e-04	3.054058e-04	2.586211e+01	3.268972e-03
1.146497e+01	4.452363e-04	3.035275e-04	2.570305e+01	3.248868e-03
1.150025e+01	4.424979e-04	3.016607e-04	2.554497e+01	3.228886e-03
1.153563e+01	4.397764e-04	2.998054e-04	2.538786e+01	3.209028e-03
1.157112e+01	4.370716e-04	2.979615e-04	2.523172e+01	3.189291e-03
1.160673e+01	4.343833e-04	2.961288e-04	2.507653e+01	3.169675e-03
1.164244e+01	4.317116e-04	2.943074e-04	2.492229e+01	3.150179e-03
1.167826e+01	4.290562e-04	2.924972e-04	2.476900e+01	3.130803e-03
1.171420e+01	4.264171e-04	2.906981e-04	2.461664e+01	3.111546e-03
1.175024e+01	4.237942e-04	2.889100e-04	2.446523e+01	3.092406e-03
1.178639e+01	4.211874e-04	2.871329e-04	2.431474e+01	3.073385e-03
1.182266e+01	4.185966e-04	2.853667e-04	2.416517e+01	3.054480e-03
1.185904e+01	4.160217e-04	2.836113e-04	2.401652e+01	3.035690e-03
1.189552e+01	4.134625e-04	2.818667e-04	2.386879e+01	3.017016e-03
1.193213e+01	4.109191e-04	2.801327e-04	2.372196e+01	2.998457e-03
1.196884e+01	4.083912e-04	2.784094e-04	2.357603e+01	2.980011e-03
1.200567e+01	4.058789e-04	2.766967e-04	2.343099e+01	2.961679e-03
1.204261e+01	4.033820e-04	2.749945e-04	2.328685e+01	2.943459e-03
1.207966e+01	4.009004e-04	2.733027e-04	2.314359e+01	2.925351e-03
1.211683e+01	3.984340e-04	2.716213e-04	2.300120e+01	2.907354e-03
1.215411e+01	3.959827e-04	2.699503e-04	2.285969e+01	2.889467e-03
1.219151e+01	3.935465e-04	2.682894e-04	2.271905e+01	2.871690e-03
1.222902e+01	3.911252e-04	2.666388e-04	2.257927e+01	2.854022e-03
1.226665e+01	3.887187e-04	2.649983e-04	2.244035e+01	2.836462e-03
1.230439e+01	3.863271e-04	2.633678e-04	2.230228e+01	2.819010e-03
1.234225e+01	3.839501e-04	2.617473e-04	2.216506e+01	2.801665e-03
1.238022e+01	3.815876e-04	2.601368e-04	2.202868e+01	2.784427e-03
1.241832e+01	3.792397e-04	2.585362e-04	2.189314e+01	2.767294e-03
1.245653e+01	3.769062e-04	2.569454e-04	2.175843e+01	2.750267e-03
1.249485e+01	3.745870e-04	2.553643e-04	2.162454e+01	2.733343e-03
1.253330e+01	3.722820e-04	2.537930e-04	2.149148e+01	2.716524e-03
1.257186e+01	3.699911e-04	2.522312e-04	2.135923e+01	2.699808e-03
1.261054e+01	3.677144e-04	2.506791e-04	2.122779e+01	2.683194e-03
1.264935e+01	3.654515e-04	2.491365e-04	2.109716e+01	2.666682e-03
1.268827e+01	3.632026e-04	2.476033e-04	2.096733e+01	2.650272e-03
1.272731e+01	3.609674e-04	2.460796e-04	2.083830e+01	2.633962e-03
1.276647e+01	3.587460e-04	2.445652e-04	2.071006e+01	2.617753e-03
1.280575e+01	3.565382e-04	2.430601e-04	2.058260e+01	2.601642e-03
1.284515e+01	3.543440e-04	2.415642e-04	2.045593e+01	2.585631e-03
1.288467e+01	3.521632e-04	2.400775e-04	2.033003e+01	2.569718e-03
1.292432e+01	3.499957e-04	2.385999e-04	2.020491e+01	2.553902e-03
1.296408e+01	3.478416e-04	2.371314e-04	2.008056e+01	2.538184e-03
1.300397e+01	3.457007e-04	2.356719e-04	1.995696e+01	2.522562e-03
1.304398e+01	3.435729e-04	2.342214e-04	1.983413e+01	2.507035e-03
1.308412e+01	3.414582e-04	2.327797e-04	1.971205e+01	2.491604e-03
1.312438e+01	3.393565e-04	2.313469e-04	1.959072e+01	2.476268e-03
1.316476e+01	3.372677e-04	2.299229e-04	1.947013e+01	2.461026e-03
1.320527e+01	3.351916e-04	2.285076e-04	1.935028e+01	2.445877e-03
1.324590e+01	3.331283e-04	2.271010e-04	1.923117e+01	2.430822e-03
1.328665e+01	3.310777e-04	2.257031e-04	1.911279e+01	2.415858e-03
1.332754e+01	3.290397e-04	2.243137e-04	1.899514e+01	2.400987e-03
1.336854e+01	3.270141e-04	2.229328e-04	1.887821e+01	2.386207e-03
1.340968e+01	3.250010e-04	2.215605e-04	1.876199e+01	2.371517e-03
1.345094e+01	3.230003e-04	2.201965e-04	1.864649e+01	2.356918e-03
1.349232e+01	3.210118e-04	2.188409e-04	1.853170e+01	2.342408e-03
1.353384e+01	3.190355e-04	2.174936e-04	1.841761e+01	2.327987e-03
1.357548e+01	3.170714e-04	2.161546e-04	1.830422e+01	2.313655e-03
1.361725e+01	3.151193e-04	2.148238e-04	1.819153e+01	2.299410e-03
1.365915e+01	3.131791e-04	2.135012e-04	1.807953e+01	2.285253e-03
1.370118e+01	3.112509e-04	2.121867e-04	1.796821e+01	2.271183e-03
1.374333e+01	3.093345e-04	2.108803e-04	1.785758e+01	2.257199e-03
1.378562e+01	3.074299e-04	2.095819e-04	1.774763e+01	2.243301e-03
1.382804e+01	3.055370e-04	2.082914e-04	1.763835e+01	2.229489e-03
1.387058e+01	3.036557e-04	2.070089e-04	1.752974e+01	2.215761e-03
1.391326e+01	3.017859e-04	2.057342e-04	1.742180e+01	2.202117e-03
1.395607e+01	2.999276e-04	2.044674e-04	1.731453e+01	2.188557e-03
1.399901e+01	2.980807e-04	2.032083e-04	1.720791e+01	2.175081e-03
1.404209e+01	2.962452e-04	2.019569e-04	1.710194e+01	2.161687e-03
1.408529e+01	2.944209e-04	2.007133e-04	1.699663e+01	2.148375e-03
1.412863e+01	2.926078e-04	1.994773e-04	1.689196e+01	2.135145e-03
1.417210e+01	2.908058e-04	1.982488e-04	1.678793e+01	2.121996e-03
1.421571e+01	2.890149e-04	1.970279e-04	1.668455e+01	2.108928e-03
1.425945e+01	2.872350e-04	1.958145e-04	1.658179e+01	2.095940e-03
1.430332e+01	2.854660e-04	1.946086e-04	1.647967e+01	2.083032e-03
1.434733e+01	2.837079e-04	1.934100e-04	1.637818e+01	2.070203e-03
1.439148e+01	2.819605e-04	1.922188e-04	1.627730e+01	2.057452e-03
1.443576e+01	2.802239e-04	1.910349e-04	1.617705e+01	2.044780e-03
1.448018e+01	2.784979e-04	1.898583e-04	1.607741e+01	2.032186e-03
1.452473e+01	2.767826e-04	1.886889e-04	1.597839e+01	2.019669e-03
1.456942e+01	2.750777e-04	1.875267e-04	1.587997e+01	2.007229e-03
1.461425e+01	2.733834e-04	1.863716e-04	1.578215e+01	1.994865e-03
1.465922e+01	2.716994e-04	1.852236e-04	1.568494e+01	1.982578e-03
1.470432e+01	2.700258e-04	1.840826e-04	1.558832e+01	1.970365e-03
1.474956e+01	2.683624e-04	1.829487e-04	1.549230e+01	1.958228e-03
1.479495e+01	2.667093e-04	1.818217e-04	1.539687e+01	1.946165e-03
1.484047e+01	2.650663e-04	1.807016e-04	1.530202e+01	1.934176e-03
1.488613e+01	2.634334e-04	1.795884e-04	1.520775e+01	1.922261e-03
1.493193e+01	2.618105e-04	1.784820e-04	1.511406e+01	1.910418e-03
1.497788e+01	2.601975e-04	1.773825e-04	1.502095e+01	1.898649e-03
1.502396e+01	2.585945e-04	1.762897e-04	1.492841e+01	1.886952e-03
1.507019e+01	2.570013e-04	1.752035e-04	1.483643e+01	1.875326e-03
1.511656e+01	2.554179e-04	1.741241e-04	1.474503e+01	1.863772e-03
1.516307e+01	2.538442e-04	1.730513e-04	1.465418e+01	1.852289e-03
1.520973e+01	2.522802e-04	1.719851e-04	1.456389e+01	1.840877e-03
1.525653e+01	2.507258e-04	1.709254e-04	1.447415e+01	1.829534e-03
1.530347e+01	2.491809e-04	1.698722e-04	1.438497e+01	1.818261e-03
1.535056e+01	2.476455e-04	1.688255e-04	1.429633e+01	1.807058e-03
1.539779e+01	2.461195e-04	1.677852e-04	1.420824e+01	1.795923e-03
1.544516e+01	2.446029e-04	1.667513e-04	1.412069e+01	1.784856e-03
1.549269e+01	2.430957e-04	1.657237e-04	1.403367e+01	1.773857e-03
1.554036e+01	2.415976e-04	1.647025e-04	1.394719e+01	1.762926e-03
1.558817e+01	2.401088e-04	1.636875e-04	1.386125e+01	1.752062e-03
1.563614e+01	2.386291e-04	1.626788e-04	1.377582e+01	1.741265e-03
1.568425e+01	2.371585e-04	1.616762e-04	1.369093e+01	1.730534e-03
1.573250e+01	2.356969e-04	1.606799e-04	1.360655e+01	1.719869e-03
1.578091e+01	2.342443e-04	1.596896e-04	1.352269e+01	1.709270e-03
1.582947e+01	2.328006e-04	1.587054e-04	1.343935e+01	1.698735e-03
1.587817e+01	2.313658e-04	1.577272e-04	1.335652e+01	1.688265e-03
1.592703e+01	2.299398e-04	1.567551e-04	1.327420e+01	1.677860e-03
1.597603e+01	2.285225e-04	1.557889e-04	1.319238e+01	1.667518e-03
1.602519e+01	2.271140e-04	1.548287e-04	1.311107e+01	1.657240e-03
1.607450e+01	2.257141e-04	1.538743e-04	1.303025e+01	1.647025e-03
1.612396e+01	2.243228e-04	1.529259e-04	1.294993e+01	1.636873e-03
1.617357e+01	2.229400e-04	1.519832e-04	1.287011e+01	1.626783e-03
1.622333e+01	2.215658e-04	1.510463e-04	1.279077e+01	1.616755e-03
1.627325e+01	2.201999e-04	1.501152e-04	1.271193e+01	1.606788e-03
1.632332e+01	2.188425e-04	1.491898e-04	1.263356e+01	1.596883e-03
1.637355e+01	2.174934e-04	1.482701e-04	1.255568e+01	1.587039e-03
1.642393e+01	2.161525e-04	1.473560e-04	1.247828e+01	1.577255e-03
1.647446e+01	2.148200e-04	1.464476e-04	1.240135e+01	1.567531e-03
1.652515e+01	2.134956e-04	1.455447e-04	1.232489e+01	1.557867e-03
1.657600e+01	2.121793e-04	1.446474e-04	1.224890e+01	1.548262e-03
1.662700e+01	2.108711e-04	1.437555e-04	1.217338e+01	1.538716e-03
1.667816e+01	2.095710e-04	1.428692e-04	1.209833e+01	1.529229e-03
1.672948e+01	2.082788e-04	1.419883e-04	1.202373e+01	1.519800e-03
1.678095e+01	2.069946e-04	1.411128e-04	1.194959e+01	1.510429e-03
1.683258e+01	2.057182e-04	1.402427e-04	1.187591e+01	1.501116e-03
1.688438e+01	2.044497e-04	1.393779e-04	1.180268e+01	1.491860e-03
1.693633e+01	2.031890e-04	1.385185e-04	1.172990e+01	1.482660e-03
1.698844e+01	2.019360e-04	1.376643e-04	1.165757e+01	1.473518e-03
1.704071e+01	2.006908e-04	1.368154e-04	1.158568e+01	1.464431e-03
1.709314e+01	1.994531e-04	1.359717e-04	1.151423e+01	1.455400e-03
1.714573e+01	1.982231e-04	1.351331e-04	1.144323e+01	1.446425e-03
1.719849e+01	1.970006e-04	1.342997e-04	1.137265e+01	1.437504e-03
1.725141e+01	1.957857e-04	1.334715e-04	1.130252e+01	1.428639e-03
1.730449e+01	1.945782e-04	1.326483e-04	1.123281e+01	1.419828e-03
1.735773e+01	1.933781e-04	1.318302e-04	1.116353e+01	1.411071e-03
1.741114e+01	1.921854e-04	1.310171e-04	1.109468e+01	1.402368e-03
1.746471e+01	1.910000e-04	1.302090e-04	1.102624e+01	1.393718e-03
1.751845e+01	1.898219e-04	1.294059e-04	1.095823e+01	1.385122e-03
1.757235e+01	1.886511e-04	1.286077e-04	1.089064e+01	1.376578e-03
1.762642e+01	1.874874e-04	1.278144e-04	1.082346e+01	1.368087e-03
1.768065e+01	1.863309e-04	1.270259e-04	1.075670e+01	1.359648e-03
1.773506e+01	1.851815e-04	1.262423e-04	1.069035e+01	1.351260e-03
1.778962e+01	1.840391e-04	1.254636e-04	1.062440e+01	1.342925e-03
1.784436e+01	1.829038e-04	1.246896e-04	1.055886e+01	1.334640e-03
1.789927e+01	1.817754e-04	1.239204e-04	1.049372e+01	1.326407e-03
1.795434e+01	1.806540e-04	1.231559e-04	1.042898e+01	1.318224e-03
1.800958e+01	1.795395e-04	1.223961e-04	1.036464e+01	1.310091e-03
1.806500e+01	1.784318e-04	1.216409e-04	1.030069e+01	1.302008e-03
1.812058e+01	1.773309e-04	1.208904e-04	1.023714e+01	1.293975e-03
1.817634e+01	1.762368e-04	1.201445e-04	1.017398e+01	1.285991e-03
1.823226e+01	1.751494e-04	1.194032e-04	1.011120e+01	1.278057e-03
1.828836e+01	1.740686e-04	1.186665e-04	1.004881e+01	1.270171e-03
1.834463e+01	1.729946e-04	1.179343e-04	9.986807e+00	1.262333e-03
1.840108e+01	1.719271e-04	1.172065e-04	9.925183e+00	1.254544e-03
1.845769e+01	1.708662e-04	1.164833e-04	9.863937e+00	1.246802e-03
1.851449e+01	1.698118e-04	1.157645e-04	9.803068e+00	1.239108e-03
1.857145e+01	1.687639e-04	1.150501e-04	9.742572e+00	1.231462e-03
1.862860e+01	1.677224e-04	1.143401e-04	9.682448e+00	1.223862e-03
1.868591e+01	1.666873e-04	1.136345e-04	9.622694e+00	1.216309e-03
1.874341e+01	1.656586e-04	1.129331e-04	9.563307e+00	1.208803e-03
1.880108e+01	1.646362e-04	1.122362e-04	9.504285e+00	1.201342e-03
1.885893e+01	1.636200e-04	1.115434e-04	9.445625e+00	1.193928e-03
1.891696e+01	1.626102e-04	1.108550e-04	9.387326e+00	1.186559e-03
1.897516e+01	1.616065e-04	1.101708e-04	9.329386e+00	1.179235e-03
1.903354e+01	1.606090e-04	1.094908e-04	9.271801e+00	1.171956e-03
1.909211e+01	1.596176e-04	1.088149e-04	9.214570e+00	1.164722e-03
1.915085e+01	1.586324e-04	1.081432e-04	9.157691e+00	1.157533e-03
1.920978e+01	1.576531e-04	1.074757e-04	9.101162e+00	1.150387e-03
1.926888e+01	1.566799e-04	1.068122e-04	9.044979e+00	1.143286e-03
1.932817e+01	1.557127e-04	1.061528e-04	8.989143e+00	1.136228e-03
1.938764e+01	1.547514e-04	1.054975e-04	8.933649e+00	1.129214e-03
1.944730e+01	1.537961e-04	1.048462e-04	8.878496e+00	1.122243e-03
1.950713e+01	1.528466e-04	1.041989e-04	8.823683e+00	1.115314e-03
1.956715e+01	1.519029e-04	1.035556e-04	8.769206e+00	1.108428e-03
1.962736e+01	1.509650e-04	1.029162e-04	8.715064e+00	1.101585e-03
1.968775e+01	1.500329e-04	1.022808e-04	8.661255e+00	1.094783e-03
1.974833e+01	1.491066e-04	1.016493e-04	8.607777e+00	1.088024e-03
1.980909e+01	1.481859e-04	1.010216e-04	8.554627e+00	1.081305e-03
1.987004e+01	1.472709e-04	1.003979e-04	8.501804e+00	1.074629e-03
1.993118e+01	1.463615e-04	9.977790e-05	8.449305e+00	1.067993e-03
1.999251e+01	1.454577e-04	9.916176e-05	8.397130e+00	1.061398e-03
2.005402e+01	1.445594e-04	9.854940e-05	8.345275e+00	1.054843e-03
2.011573e+01	1.436667e-04	9.794081e-05	8.293739e+00	1.048329e-03
2.017762e+01	1.427795e-04	9.733596e-05	8.242519e+00	1.041855e-03
2.023970e+01	1.418977e-04	9.673483e-05	8.191615e+00	1.035421e-03
2.030198e+01	1.410213e-04	9.613739e-05	8.141023e+00	1.029026e-03
2.036445e+01	1.401504e-04	9.554363e-05	8.090743e+00	1.022670e-03
2.042710e+01	1.392847e-04	9.495352e-05	8.040771e+00	1.016354e-03
2.048996e+01	1.384244e-04	9.436703e-05	7.991107e+00	1.010076e-03
2.055300e+01	1.375694e-04	9.378415e-05	7.941748e+00	1.003837e-03
2.061624e+01	1.367197e-04	9.320485e-05	7.892692e+00	9.976369e-04
2.067967e+01	1.358751e-04	9.262912e-05	7.843938e+00	9.914744e-04
2.074330e+01	1.350358e-04	9.205692e-05	7.795484e+00	9.853498e-04
2.080713e+01	1.342016e-04	9.148824e-05	7.747328e+00	9.792628e-04
2.087115e+01	1.333726e-04	9.092306e-05	7.699468e+00	9.732133e-04
2.093537e+01	1.325486e-04	9.036135e-05	7.651902e+00	9.672009e-04
2.099978e+01	1.317297e-04	8.980310e-05	7.604628e+00	9.612255e-04
2.106440e+01	1.309159e-04	8.924828e-05	7.557645e+00	9.552869e-04
2.112921e+01	1.301070e-04	8.869687e-05	7.510951e+00	9.493848e-04
2.119422e+01	1.293032e-04	8.814885e-05	7.464544e+00	9.435189e-04
2.125943e+01	1.285042e-04	8.760420e-05	7.418423e+00	9.376892e-04
2.132485e+01	1.277102e-04	8.706290e-05	7.372585e+00	9.318953e-04
2.139046e+01	1.269211e-04	8.652493e-05	7.327029e+00	9.261370e-04
2.145628e+01	1.261368e-04	8.599026e-05	7.281753e+00	9.204141e-04
2.152230e+01	1.253573e-04	8.545889e-05	7.236755e+00	9.147264e-04
2.158852e+01	1.245826e-04	8.493078e-05	7.192034e+00	9.090736e-04
2.165494e+01	1.238127e-04	8.440592e-05	7.147588e+00	9.034557e-04
2.172157e+01	1.230476e-04	8.388428e-05	7.103416e+00	8.978723e-04
2.178841e+01	1.222871e-04	8.336585e-05	7.059515e+00	8.923232e-04
2.185545e+01	1.215313e-04	8.285062e-05	7.015884e+00	8.868082e-04
2.192269e+01	1.207802e-04	8.233855e-05	6.972521e+00	8.813272e-04
2.199015e+01	1.200337e-04	8.182963e-05	6.929425e+00	8.758799e-04
2.205781e+01	1.192917e-04	8.132384e-05	6.886594e+00	8.704660e-04
2.212568e+01	1.185544e-04	8.082116e-05	6.844027e+00	8.650855e-04
2.219376e+01	1.178215e-04	8.032157e-05	6.801721e+00	8.597380e-04
2.226204e+01	1.170932e-04	7.982505e-05	6.759676e+00	8.544235e-04
2.233054e+01	1.163693e-04	7.933159e-05	6.717889e+00	8.491416e-04
2.239925e+01	1.156500e-04	7.884116e-05	6.676359e+00	8.438922e-04
2.246817e+01	1.149350e-04	7.835375e-05	6.635084e+00	8.386751e-04
2.253730e+01	1.142244e-04	7.786934e-05	6.594064e+00	8.334901e-04
2.260665e+01	1.135182e-04	7.738790e-05	6.553295e+00	8.283370e-04
2.267621e+01	1.128164e-04	7.690943e-05	6.512778e+00	8.232156e-04
2.274598e+01	1.121188e-04	7.643390e-05	6.472509e+00	8.181256e-04
2.281596e+01	1.114256e-04	7.596130e-05	6.432489e+00	8.130670e-04
2.288617e+01	1.107366e-04	7.549160e-05	6.392714e+00	8.080395e-04
2.295658e+01	1.100518e-04	7.502479e-05	6.353184e+00	8.030429e-04
2.302722e+01	1.093713e-04	7.456085e-05	6.313898e+00	7.980771e-04
2.309807e+01	1.086949e-04	7.409977e-05	6.274853e+00	7.931418e-04
2.316914e+01	1.080228e-04	7.364152e-05	6.236048e+00	7.882369e-04
2.324043e+01	1.073547e-04	7.318610e-05	6.197482e+00	7.833621e-04
2.331194e+01	1.066908e-04	7.273347e-05	6.159153e+00	7.785173e-04
2.338367e+01	1.060309e-04	7.228363e-05	6.121060e+00	7.737024e-04
2.345562e+01	1.053751e-04	7.183656e-05	6.083201e+00	7.689170e-04
2.352779e+01	1.047233e-04	7.139223e-05	6.045575e+00	7.641611e-04
2.360018e+01	1.040756e-04	7.095064e-05	6.008181e+00	7.594345e-04
2.367279e+01	1.034318e-04	7.051177e-05	5.971016e+00	7.547369e-04
2.374563e+01	1.027920e-04	7.007560e-05	5.934081e+00	7.500682e-04
2.381869e+01	1.021561e-04	6.964211e-05	5.897372e+00	7.454283e-04
2.389198e+01	1.015242e-04	6.921128e-05	5.860890e+00	7.408169e-04
2.396549e+01	1.008961e-04	6.878311e-05	5.824632e+00	7.362339e-04
2.403923e+01	1.002719e-04	6.835757e-05	5.788597e+00	7.316790e-04
2.411320e+01	9.965150e-05	6.793466e-05	5.752784e+00	7.271522e-04
2.418739e+01	9.903495e-05	6.751434e-05	5.717191e+00	7.226533e-04
2.426181e+01	9.842219e-05	6.709661e-05	5.681817e+00	7.181820e-04
2.433647e+01	9.781320e-05	6.668145e-05	5.646661e+00	7.137383e-04
2.441135e+01	9.720796e-05	6.626884e-05	5.611721e+00	7.093219e-04
2.448646e+01	9.660645e-05	6.585878e-05	5.576996e+00	7.049327e-04
2.456180e+01	9.600863e-05	6.545123e-05	5.542485e+00	7.005704e-04
2.463737e+01	9.541450e-05	6.504620e-05	5.508186e+00	6.962351e-04
2.471318e+01	9.482402e-05	6.464365e-05	5.474098e+00	6.919264e-04
2.478922e+01	9.423717e-05	6.424359e-05	5.440220e+00	6.876442e-04
2.486549e+01	9.365394e-05	6.384598e-05	5.406550e+00	6.833883e-04
2.494200e+01	9.307429e-05	6.345083e-05	5.373088e+00	6.791587e-04
2.501874e+01	9.249822e-05	6.305810e-05	5.339832e+00	6.749551e-04
2.509572e+01	9.192569e-05	6.266780e-05	5.306780e+00	6.707773e-04
2.517294e+01	9.135668e-05	6.227989e-05	5.273932e+00	6.666253e-04
2.525040e+01	9.079117e-05	6.189437e-05	5.241285e+00	6.624988e-04
2.532809e+01	9.022914e-05	6.151123e-05	5.208840e+00	6.583978e-04
2.540602e+01	8.967058e-05	6.113044e-05	5.176595e+00	6.543219e-04
2.548419e+01	8.911545e-05	6.075199e-05	5.144548e+00	6.502712e-04
2.556260e+01	8.856374e-05	6.037588e-05	5.112698e+00	6.462454e-04
2.564126e+01	8.801542e-05	6.000208e-05	5.081044e+00	6.422443e-04
2.572015e+01	8.747048e-05	5.963058e-05	5.049585e+00	6.382679e-04
2.579929e+01	8.692889e-05	5.926137e-05	5.018320e+00	6.343160e-04
2.587867e+01	8.639064e-05	5.889443e-05	4.987247e+00	6.303884e-04
2.595830e+01	8.585570e-05	5.852975e-05	4.956365e+00	6.264849e-04
2.603817e+01	8.532405e-05	5.816731e-05	4.925674e+00	6.226055e-04
2.611828e+01	8.479568e-05	5.780711e-05	4.895171e+00	6.187500e-04
2.619865e+01	8.427055e-05	5.744912e-05	4.864857e+00	6.149182e-04
2.627926e+01	8.374867e-05	5.709334e-05	4.834729e+00	6.111100e-04
2.636011e+01	8.322999e-05	5.673974e-05	4.804786e+00	6.073253e-04
2.644122e+01	8.271451e-05	5.638833e-05	4.775028e+00	6.035638e-04
2.652258e+01	8.220220e-05	5.603908e-05	4.745452e+00	5.998255e-04
2.660419e+01	8.169304e-05	5.569197e-05	4.716059e+00	5.961102e-04
2.668604e+01	8.118702e-05	5.534701e-05	4.686847e+00	5.924178e-04
2.676815e+01	8.068411e-05	5.500416e-05	4.657815e+00	5.887481e-04
2.685052e+01	8.018430e-05	5.466343e-05	4.628961e+00	5.851011e-04
2.693313e+01	7.968757e-05	5.432480e-05	4.600286e+00	5.814764e-04
2.701600e+01	7.919390e-05	5.398825e-05	4.571786e+00	5.778741e-04
2.709913e+01	7.870327e-05	5.365378e-05	4.543463e+00	5.742940e-04
2.718251e+01	7.821565e-05	5.332136e-05	4.515313e+00	5.707359e-04
2.726615e+01	7.773104e-05	5.299099e-05	4.487337e+00	5.671997e-04
2.735004e+01	7.724942e-05	5.266265e-05	4.459533e+00	5.636853e-04
2.743419e+01	7.677075e-05	5.233634e-05	4.431901e+00	5.601925e-04
2.751861e+01	7.629504e-05	5.201204e-05	4.404438e+00	5.567213e-04
2.760328e+01	7.582226e-05	5.168973e-05	4.377145e+00	5.532714e-04
2.768821e+01	7.535239e-05	5.136941e-05	4.350019e+00	5.498428e-04
2.777340e+01	7.488541e-05	5.105106e-05	4.323061e+00	5.464352e-04
2.785886e+01	7.442130e-05	5.073467e-05	4.296269e+00	5.430487e-04
2.794458e+01	7.396006e-05	5.042023e-05	4.269642e+00	5.396830e-04
2.803056e+01	7.350165e-05	5.010772e-05	4.243179e+00	5.363381e-04
2.811681e+01	7.304607e-05	4.979714e-05	4.216878e+00	5.330137e-04
2.820332e+01	7.259330e-05	4.948847e-05	4.190740e+00	5.297098e-04
2.829010e+01	7.214331e-05	4.918171e-05	4.164763e+00	5.264263e-04
2.837714e+01	7.169610e-05	4.887683e-05	4.138945e+00	5.231630e-04
2.846445e+01	7.125163e-05	4.857383e-05	4.113287e+00	5.199198e-04
2.855204e+01	7.080991e-05	4.827270e-05	4.087787e+00	5.166965e-04
2.863989e+01	7.037091e-05	4.797342e-05	4.062444e+00	5.134932e-04
2.872801e+01	6.993461e-05	4.767599e-05	4.037257e+00	5.103095e-04
2.881640e+01	6.950100e-05	4.738039e-05	4.012225e+00	5.071455e-04
2.890507e+01	6.907006e-05	4.708660e-05	3.987347e+00	5.040009e-04
2.899400e+01	6.864177e-05	4.679463e-05	3.962622e+00	5.008757e-04
2.908322e+01	6.821613e-05	4.650446e-05	3.938050e+00	4.977698e-04
2.917270e+01	6.779310e-05	4.621607e-05	3.913629e+00	4.946830e-04
2.926246e+01	6.737268e-05	4.592946e-05	3.889359e+00	4.916152e-04
2.935250e+01	6.695485e-05	4.564462e-05	3.865238e+00	4.885664e-04
2.944281e+01	6.653960e-05	4.536153e-05	3.841266e+00	4.855363e-04
2.953341e+01	6.612690e-05	4.508019e-05	3.817441e+00	4.825248e-04
2.962428e+01	6.571674e-05	4.480057e-05	3.793763e+00	4.795320e-04
2.971543e+01	6.530912e-05	4.452269e-05	3.770231e+00	4.765575e-04
2.980686e+01	6.490400e-05	4.424651e-05	3.746844e+00	4.736014e-04
2.989857e+01	6.450138e-05	4.397203e-05	3.723602e+00	4.706635e-04
2.999057e+01	6.410124e-05	4.369925e-05	3.700502e+00	4.677437e-04
3.008284e+01	6.370357e-05	4.342815e-05	3.677545e+00	4.648419e-04
3.017540e+01	6.330834e-05	4.315871e-05	3.654729e+00	4.619580e-04
3.026825e+01	6.291555e-05	4.289094e-05	3.632053e+00	4.590918e-04
3.036138e+01	6.252518e-05	4.262482e-05	3.609518e+00	4.562433e-04
3.045480e+01	6.213722e-05	4.236033e-05	3.587121e+00	4.534123e-04
3.054851e+01	6.175165e-05	4.209748e-05	3.564862e+00	4.505988e-04
3.064250e+01	6.136845e-05	4.183625e-05	3.542741e+00	4.478027e-04
3.073678e+01	6.098762e-05	4.157662e-05	3.520756e+00	4.450237e-04
3.083136e+01	6.060913e-05	4.131860e-05	3.498906e+00	4.422619e-04
3.092622e+01	6.023297e-05	4.106217e-05	3.477191e+00	4.395171e-04
3.102138e+01	5.985914e-05	4.080731e-05	3.455609e+00	4.367893e-04
3.111683e+01	5.948760e-05	4.055403e-05	3.434161e+00	4.340782e-04
3.121257e+01	5.911836e-05	4.030231e-05	3.412845e+00	4.313839e-04
3.130861e+01	5.875139e-05	4.005214e-05	3.391660e+00	4.287061e-04
3.140494e+01	5.838669e-05	3.980351e-05	3.370606e+00	4.260449e-04
3.150157e+01	5.802423e-05	3.955641e-05	3.349682e+00	4.234000e-04
3.159850e+01	5.766400e-05	3.931084e-05	3.328886e+00	4.207715e-04
3.169572e+01	5.730600e-05	3.906678e-05	3.308219e+00	4.181591e-04
3.179325e+01	5.695020e-05	3.882423e-05	3.287679e+00	4.155629e-04
3.189107e+01	5.659660e-05	3.858317e-05	3.267266e+00	4.129827e-04
3.198920e+01	5.624517e-05	3.834359e-05	3.246979e+00	4.104183e-04
3.208762e+01	5.589591e-05	3.810549e-05	3.226816e+00	4.078698e-04
3.218635e+01	5.554881e-05	3.786886e-05	3.206778e+00	4.053370e-04
3.228539e+01	5.520384e-05	3.763369e-05	3.186864e+00	4.028198e-04
3.238473e+01	5.486100e-05	3.739997e-05	3.167072e+00	4.003181e-04
3.248437e+01	5.452028e-05	3.716769e-05	3.147402e+00	3.978319e-04
3.258432e+01	5.418165e-05	3.693684e-05	3.127854e+00	3.953609e-04
3.268458e+01	5.384511e-05	3.670742e-05	3.108426e+00	3.929052e-04
3.278515e+01	5.351065e-05	3.647941e-05	3.089118e+00	3.904647e-04
3.288602e+01	5.317825e-05	3.625280e-05	3.069928e+00	3.880392e-04
3.298721e+01	5.284790e-05	3.602759e-05	3.050858e+00	3.856286e-04
3.308871e+01	5.251959e-05	3.580378e-05	3.031904e+00	3.832329e-04
3.319052e+01	5.219330e-05	3.558134e-05	3.013068e+00	3.808520e-04
3.329264e+01	5.186902e-05	3.536027e-05	2.994348e+00	3.784857e-04
3.339508e+01	5.154674e-05	3.514056e-05	2.975743e+00	3.761341e-04
3.349783e+01	5.122645e-05	3.492221e-05	2.957253e+00	3.737969e-04
3.360090e+01	5.090813e-05	3.470521e-05	2.938877e+00	3.714742e-04
3.370429e+01	5.059178e-05	3.448955e-05	2.920614e+00	3.691658e-04
3.380799e+01	5.027737e-05	3.427521e-05	2.902464e+00	3.668716e-04
3.391201e+01	4.996491e-05	3.406220e-05	2.884425e+00	3.645916e-04
3.401636e+01	4.965437e-05	3.385050e-05	2.866498e+00	3.623256e-04
3.412102e+01	4.934575e-05	3.364010e-05	2.848682e+00	3.600736e-04
3.422601e+01	4.903903e-05	3.343101e-05	2.830975e+00	3.578355e-04
3.433132e+01	4.873421e-05	3.322320e-05	2.813378e+00	3.556112e-04
3.443695e+01	4.843126e-05	3.301667e-05	2.795889e+00	3.534006e-04
3.454291e+01	4.813018e-05	3.281142e-05	2.778508e+00	3.512036e-04
3.464919e+01	4.783096e-05	3.260743e-05	2.761235e+00	3.490202e-04
3.475580e+01	4.753358e-05	3.240471e-05	2.744067e+00	3.468503e-04
3.486274e+01	4.723804e-05	3.220323e-05	2.727006e+00	3.446937e-04
3.497001e+01	4.694432e-05	3.200300e-05	2.710050e+00	3.425505e-04
3.507761e+01	4.665242e-05	3.180400e-05	2.693198e+00	3.404205e-04
3.518554e+01	4.636231e-05	3.160622e-05	2.676451e+00	3.383036e-04
3.529380e+01	4.607399e-05	3.140967e-05	2.659807e+00	3.361997e-04
3.540240e+01	4.578746e-05	3.121433e-05	2.643265e+00	3.341089e-04
3.551133e+01	4.550269e-05	3.102020e-05	2.626826e+00	3.320309e-04
3.562059e+01	4.521967e-05	3.082726e-05	2.610487e+00	3.299658e-04
3.573019e+01	4.493840e-05	3.063552e-05	2.594250e+00	3.279134e-04
3.584013e+01	4.465887e-05	3.044495e-05	2.578113e+00	3.258737e-04
3.595041e+01	4.438106e-05	3.025556e-05	2.562075e+00	3.238465e-04
3.606102e+01	4.410497e-05	3.006734e-05	2.546137e+00	3.218319e-04
3.617198e+01	4.383058e-05	2.988029e-05	2.530297e+00	3.198297e-04
3.628327e+01	4.355788e-05	2.969438e-05	2.514554e+00	3.178398e-04
3.639491e+01	4.328687e-05	2.950963e-05	2.498909e+00	3.158622e-04
3.650690e+01	4.301753e-05	2.932601e-05	2.483360e+00	3.138968e-04
3.661922e+01	4.274985e-05	2.914353e-05	2.467907e+00	3.119436e-04
3.673190e+01	4.248382e-05	2.896217e-05	2.452549e+00	3.100024e-04
3.684492e+01	4.221943e-05	2.878193e-05	2.437286e+00	3.080732e-04
3.695828e+01	4.195667e-05	2.860280e-05	2.422118e+00	3.061559e-04
3.707200e+01	4.169554e-05	2.842478e-05	2.407043e+00	3.042504e-04
3.718607e+01	4.143602e-05	2.824786e-05	2.392061e+00	3.023567e-04
3.730048e+01	4.117810e-05	2.807203e-05	2.377171e+00	3.004746e-04
3.741525e+01	4.092177e-05	2.789728e-05	2.362374e+00	2.986042e-04
3.753038e+01	4.066702e-05	2.772362e-05	2.347667e+00	2.967453e-04
3.764585e+01	4.041385e-05	2.755102e-05	2.333052e+00	2.948979e-04
3.776169e+01	4.016223e-05	2.737949e-05	2.318526e+00	2.930619e-04
3.787787e+01	3.991217e-05	2.720902e-05	2.304091e+00	2.912372e-04
3.799442e+01	3.966366e-05	2.703960e-05	2.289744e+00	2.894238e-04
3.811132e+01	3.941668e-05	2.687123e-05	2.275486e+00	2.876216e-04
3.822859e+01	3.917122e-05	2.670390e-05	2.261316e+00	2.858305e-04
3.834621e+01	3.892728e-05	2.653760e-05	2.247234e+00	2.840505e-04
3.846420e+01	3.868484e-05	2.637232e-05	2.233238e+00	2.822815e-04
3.858255e+01	3.844390e-05	2.620807e-05	2.219329e+00	2.805233e-04
3.870126e+01	3.820445e-05	2.604483e-05	2.205506e+00	2.787761e-04
3.882034e+01	3.796648e-05	2.588260e-05	2.191768e+00	2.770396e-04
3.893979e+01	3.772997e-05	2.572137e-05	2.178114e+00	2.753138e-04
3.905960e+01	3.749493e-05	2.556113e-05	2.164546e+00	2.735987e-04
3.917978e+01	3.726133e-05	2.540188e-05	2.151060e+00	2.718942e-04
3.930034e+01	3.702918e-05	2.524362e-05	2.137659e+00	2.702002e-04
3.942126e+01	3.679847e-05	2.508634e-05	2.124339e+00	2.685167e-04
3.954255e+01	3.656917e-05	2.493002e-05	2.111103e+00	2.668435e-04
3.966422e+01	3.634130e-05	2.477467e-05	2.097947e+00	2.651807e-04
3.978626e+01	3.611483e-05	2.462028e-05	2.084874e+00	2.635282e-04
3.990868e+01	3.588975e-05	2.446685e-05	2.071880e+00	2.618858e-04
4.003148e+01	3.566607e-05	2.431436e-05	2.058967e+00	2.602536e-04
4.015465e+01	3.544377e-05	2.416281e-05	2.046134e+00	2.586315e-04
4.027820e+01	3.522284e-05	2.401220e-05	2.033380e+00	2.570194e-04
4.040213e+01	3.500328e-05	2.386252e-05	2.020705e+00	2.554173e-04
4.052644e+01	3.478507e-05	2.371376e-05	2.008108e+00	2.538250e-04
4.065114e+01	3.456821e-05	2.356592e-05	1.995589e+00	2.522426e-04
4.077622e+01	3.435269e-05	2.341900e-05	1.983147e+00	2.506700e-04
4.090168e+01	3.413850e-05	2.327298e-05	1.970782e+00	2.491070e-04
4.102753e+01	3.392564e-05	2.312787e-05	1.958494e+00	2.475538e-04
4.115377e+01	3.371409e-05	2.298365e-05	1.946281e+00	2.460101e-04
4.128039e+01	3.350384e-05	2.284032e-05	1.934144e+00	2.444759e-04
4.140741e+01	3.329490e-05	2.269787e-05	1.922082e+00	2.429513e-04
4.153481e+01	3.308724e-05	2.255631e-05	1.910094e+00	2.414360e-04
4.166261e+01	3.288087e-05	2.241562e-05	1.898180e+00	2.399301e-04
4.179080e+01	3.267577e-05	2.227580e-05	1.886340e+00	2.384335e-04
4.191939e+01	3.247194e-05	2.213685e-05	1.874573e+00	2.369462e-04
4.204837e+01	3.226937e-05	2.199875e-05	1.862879e+00	2.354680e-04
4.217775e+01	3.206805e-05	2.186151e-05	1.851257e+00	2.339990e-04
4.230752e+01	3.186797e-05	2.172511e-05	1.839707e+00	2.325391e-04
4.243770e+01	3.166913e-05	2.158956e-05	1.828228e+00	2.310882e-04
4.256828e+01	3.147152e-05	2.145484e-05	1.816820e+00	2.296462e-04
4.269925e+01	3.127513e-05	2.132096e-05	1.805483e+00	2.282132e-04
4.283063e+01	3.107996e-05	2.118790e-05	1.794215e+00	2.267890e-04
4.296242e+01	3.088598e-05	2.105567e-05	1.783018e+00	2.253736e-04
4.309461e+01	3.069321e-05	2.092425e-05	1.771889e+00	2.239669e-04
4.322721e+01	3.050163e-05	2.079364e-05	1.760829e+00	2.225690e-04
4.336021e+01	3.031124e-05	2.066385e-05	1.749838e+00	2.211796e-04
4.349363e+01	3.012202e-05	2.053485e-05	1.738914e+00	2.197989e-04
4.362745e+01	2.993396e-05	2.040665e-05	1.728058e+00	2.184267e-04
4.376169e+01	2.974708e-05	2.027925e-05	1.717270e+00	2.170630e-04
4.389634e+01	2.956134e-05	2.015263e-05	1.706547e+00	2.157077e-04
4.403140e+01	2.937676e-05	2.002679e-05	1.695891e+00	2.143608e-04
4.416688e+01	2.919331e-05	1.990173e-05	1.685301e+00	2.130222e-04
4.430278e+01	2.901100e-05	1.977745e-05	1.674777e+00	2.116919e-04
4.443909e+01	2.882982e-05	1.965393e-05	1.664317e+00	2.103698e-04
4.457583e+01	2.864975e-05	1.953118e-05	1.653922e+00	2.090559e-04
4.471298e+01	2.847080e-05	1.940918e-05	1.643592e+00	2.077501e-04
4.485056e+01	2.829296e-05	1.928794e-05	1.633325e+00	2.064524e-04
4.498856e+01	2.811621e-05	1.916745e-05	1.623122e+00	2.051627e-04
4.512698e+01	2.794056e-05	1.904771e-05	1.612981e+00	2.038809e-04
4.526583e+01	2.776599e-05	1.892870e-05	1.602904e+00	2.026071e-04
4.540511e+01	2.759251e-05	1.881043e-05	1.592888e+00	2.013412e-04
4.554482e+01	2.742009e-05	1.869289e-05	1.582935e+00	2.000831e-04
4.568495e+01	2.724874e-05	1.857608e-05	1.573043e+00	1.988328e-04
4.582552e+01	2.707846e-05	1.845999e-05	1.563213e+00	1.975902e-04
4.596652e+01	2.690922e-05	1.834462e-05	1.553443e+00	1.963553e-04
4.610795e+01	2.674103e-05	1.822996e-05	1.543733e+00	1.951280e-04
4.624982e+01	2.657388e-05	1.811601e-05	1.534084e+00	1.939083e-04
4.639213e+01	2.640776e-05	1.800276e-05	1.524494e+00	1.926962e-04
4.653487e+01	2.624268e-05	1.789022e-05	1.514964e+00	1.914916e-04
4.667805e+01	2.607861e-05	1.777837e-05	1.505492e+00	1.902944e-04
4.682168e+01	2.591555e-05	1.766721e-05	1.496080e+00	1.891046e-04
4.696574e+01	2.575351e-05	1.755674e-05	1.486725e+00	1.879221e-04
4.711025e+01	2.559247e-05	1.744696e-05	1.477428e+00	1.867470e-04
4.725520e+01	2.543242e-05	1.733785e-05	1.468189e+00	1.855792e-04
4.740060e+01	2.527336e-05	1.722942e-05	1.459007e+00	1.844185e-04
4.754645e+01	2.511529e-05	1.712166e-05	1.449881e+00	1.832651e-04
4.769274e+01	2.495820e-05	1.701456e-05	1.440812e+00	1.821188e-04
4.783949e+01	2.480207e-05	1.690813e-05	1.431799e+00	1.809796e-04
4.798668e+01	2.464692e-05	1.680235e-05	1.422842e+00	1.798474e-04
4.813433e+01	2.449272e-05	1.669723e-05	1.413941e+00	1.787222e-04
4.828244e+01	2.433948e-05	1.659277e-05	1.405094e+00	1.776040e-04
4.843100e+01	2.418718e-05	1.648894e-05	1.396302e+00	1.764927e-04
4.858001e+01	2.403583e-05	1.638576e-05	1.387565e+00	1.753883e-04
4.872949e+01	2.388541e-05	1.628322e-05	1.378881e+00	1.742907e-04
4.887942e+01	2.373592e-05	1.618131e-05	1.370252e+00	1.731999e-04
4.902982e+01	2.358736e-05	1.608003e-05	1.361675e+00	1.721159e-04
4.918068e+01	2.343972e-05	1.597938e-05	1.353152e+00	1.710385e-04
4.933200e+01	2.329299e-05	1.587935e-05	1.344682e+00	1.699679e-04
4.948379e+01	2.314717e-05	1.577995e-05	1.336264e+00	1.689038e-04
4.963605e+01	2.300226e-05	1.568115e-05	1.327898e+00	1.678464e-04
4.978877e+01	2.285823e-05	1.558297e-05	1.319584e+00	1.667954e-04
4.994197e+01	2.271510e-05	1.548539e-05	1.311321e+00	1.657510e-04
5.009563e+01	2.257286e-05	1.538842e-05	1.303109e+00	1.647131e-04
5.024977e+01	2.243150e-05	1.529205e-05	1.294948e+00	1.636816e-04
5.040438e+01	2.229101e-05	1.519628e-05	1.286838e+00	1.626564e-04
5.055947e+01	2.215139e-05	1.510110e-05	1.278778e+00	1.616376e-04
5.071504e+01	2.201263e-05	1.500651e-05	1.270768e+00	1.606251e-04
5.087108e+01	2.187474e-05	1.491250e-05	1.262807e+00	1.596189e-04
5.102761e+01	2.173770e-05	1.481907e-05	1.254896e+00	1.586189e-04
5.118461e+01	2.160150e-05	1.472623e-05	1.247034e+00	1.576251e-04
5.134210e+01	2.146615e-05	1.463396e-05	1.239220e+00	1.566375e-04
5.150008e+01	2.133164e-05	1.454226e-05	1.231455e+00	1.556560e-04
5.165854e+01	2.119796e-05	1.445112e-05	1.223737e+00	1.546805e-04
5.181748e+01	2.106511e-05	1.436055e-05	1.216068e+00	1.537111e-04
5.197692e+01	2.093308e-05	1.427055e-05	1.208446e+00	1.527477e-04
5.213685e+01	2.080186e-05	1.418110e-05	1.200871e+00	1.517902e-04
5.229727e+01	2.067146e-05	1.409220e-05	1.193343e+00	1.508387e-04
5.245818e+01	2.054187e-05	1.400385e-05	1.185862e+00	1.498931e-04
5.261959e+01	2.041308e-05	1.391605e-05	1.178427e+00	1.489533e-04
5.278149e+01	2.028509e-05	1.382880e-05	1.171038e+00	1.480193e-04
5.294389e+01	2.015789e-05	1.374208e-05	1.163695e+00	1.470912e-04
5.310680e+01	2.003148e-05	1.365591e-05	1.156398e+00	1.461687e-04
5.327020e+01	1.990585e-05	1.357026e-05	1.149145e+00	1.452520e-04
5.343411e+01	1.978100e-05	1.348515e-05	1.141938e+00	1.443410e-04
5.359852e+01	1.965692e-05	1.340056e-05	1.134775e+00	1.434356e-04
5.376343e+01	1.953361e-05	1.331650e-05	1.127656e+00	1.425358e-04
5.392886e+01	1.941106e-05	1.323296e-05	1.120582e+00	1.416416e-04
5.409479e+01	1.928928e-05	1.314993e-05	1.113551e+00	1.407529e-04
5.426123e+01	1.916825e-05	1.306742e-05	1.106564e+00	1.398698e-04
5.442819e+01	1.904796e-05	1.298542e-05	1.099620e+00	1.389921e-04
5.459566e+01	1.892843e-05	1.290393e-05	1.092720e+00	1.381198e-04
5.476364e+01	1.880963e-05	1.282295e-05	1.085862e+00	1.372530e-04
5.493214e+01	1.869157e-05	1.274246e-05	1.079046e+00	1.363915e-04
5.510116e+01	1.857424e-05	1.266248e-05	1.072273e+00	1.355354e-04
5.527070e+01	1.845764e-05	1.258299e-05	1.065541e+00	1.346845e-04
5.544077e+01	1.834176e-05	1.250399e-05	1.058852e+00	1.338389e-04
5.561135e+01	1.822660e-05	1.242548e-05	1.052204e+00	1.329986e-04
5.578246e+01	1.811215e-05	1.234746e-05	1.045597e+00	1.321635e-04
5.595410e+01	1.799841e-05	1.226992e-05	1.039031e+00	1.313336e-04
5.612626e+01	1.788538e-05	1.219286e-05	1.032505e+00	1.305088e-04
5.629895e+01	1.777304e-05	1.211628e-05	1.026020e+00	1.296891e-04
5.647218e+01	1.766141e-05	1.204018e-05	1.019576e+00	1.288744e-04
5.664594e+01	1.755046e-05	1.196454e-05	1.013171e+00	1.280649e-04
5.682023e+01	1.744020e-05	1.188938e-05	1.006806e+00	1.272603e-04
5.699506e+01	1.733063e-05	1.181468e-05	1.000480e+00	1.264608e-04
5.717043e+01	1.722174e-05	1.174044e-05	9.941940e-01	1.256662e-04
5.734634e+01	1.711352e-05	1.166667e-05	9.879465e-01	1.248765e-04
5.752278e+01	1.700597e-05	1.159335e-05	9.817378e-01	1.240917e-04
5.769977e+01	1.689908e-05	1.152048e-05	9.755676e-01	1.233118e-04
5.787731e+01	1.679287e-05	1.144807e-05	9.694357e-01	1.225367e-04
5.805539e+01	1.668730e-05	1.137611e-05	9.633417e-01	1.217665e-04
5.823402e+01	1.658240e-05	1.130459e-05	9.572856e-01	1.210010e-04
5.841320e+01	1.647814e-05	1.123352e-05	9.512670e-01	1.202402e-04
5.859293e+01	1.637453e-05	1.116288e-05	9.452857e-01	1.194842e-04
5.877322e+01	1.627156e-05	1.109269e-05	9.393415e-01	1.187328e-04
5.895405e+01	1.616924e-05	1.102293e-05	9.334341e-01	1.179861e-04
5.913545e+01	1.606754e-05	1.095360e-05	9.275634e-01	1.172441e-04
5.931740e+01	1.596648e-05	1.088470e-05	9.217291e-01	1.165066e-04
5.949991e+01	1.586604e-05	1.081623e-05	9.159310e-01	1.157737e-04
5.968299e+01	1.576623e-05	1.074819e-05	9.101689e-01	1.150454e-04
5.986663e+01	1.566703e-05	1.068057e-05	9.044424e-01	1.143216e-04
6.005083e+01	1.556845e-05	1.061336e-05	8.987515e-01	1.136023e-04
6.023560e+01	1.547048e-05	1.054658e-05	8.930959e-01	1.128874e-04
6.042094e+01	1.537312e-05	1.048020e-05	8.874754e-01	1.121770e-04
6.060685e+01	1.527637e-05	1.041424e-05	8.818898e-01	1.114709e-04
6.079333e+01	1.518021e-05	1.034869e-05	8.763388e-01	1.107693e-04
6.098038e+01	1.508465e-05	1.028354e-05	8.708222e-01	1.100720e-04
6.116801e+01	1.498968e-05	1.021880e-05	8.653399e-01	1.093790e-04
6.135622e+01	1.489531e-05	1.015446e-05	8.598915e-01	1.086903e-04
6.154500e+01	1.480152e-05	1.009052e-05	8.544770e-01	1.080060e-04
6.173437e+01	1.470831e-05	1.002698e-05	8.490961e-01	1.073258e-04
6.192432e+01	1.461567e-05	9.963831e-06	8.437485e-01	1.066499e-04
6.211485e+01	1.452362e-05	9.901074e-06	8.384342e-01	1.059781e-04
6.230597e+01	1.443213e-05	9.838706e-06	8.331528e-01	1.053106e-04
6.249768e+01	1.434121e-05	9.776726e-06	8.279042e-01	1.046471e-04
6.268998e+01	1.425086e-05	9.715129e-06	8.226882e-01	1.039878e-04
6.288287e+01	1.416107e-05	9.653916e-06	8.175045e-01	1.033326e-04
6.307635e+01	1.407183e-05	9.593082e-06	8.123530e-01	1.026815e-04
6.327043e+01	1.398315e-05	9.532625e-06	8.072335e-01	1.020344e-04
6.346511e+01	1.389502e-05	9.472544e-06	8.021458e-01	1.013913e-04
6.366038e+01	1.380743e-05	9.412836e-06	7.970896e-01	1.007522e-04
6.385626e+01	1.372039e-05	9.353499e-06	7.920649e-01	1.001171e-04
6.405274e+01	1.363389e-05	9.294530e-06	7.870713e-01	9.948587e-05
6.424982e+01	1.354793e-05	9.235927e-06	7.821087e-01	9.885860e-05
6.444751e+01	1.346250e-05	9.177687e-06	7.771770e-01	9.823522e-05
6.464581e+01	1.337760e-05	9.119810e-06	7.722758e-01	9.761572e-05
6.484471e+01	1.329323e-05	9.062292e-06	7.674051e-01	9.700006e-05
6.504423e+01	1.320938e-05	9.005131e-06	7.625647e-01	9.638823e-05
6.524437e+01	1.312605e-05	8.948324e-06	7.577542e-01	9.578019e-05
6.544512e+01	1.304324e-05	8.891871e-06	7.529737e-01	9.517593e-05
6.564648e+01	1.296095e-05	8.835768e-06	7.482229e-01	9.457542e-05
6.584847e+01	1.287916e-05	8.780014e-06	7.435015e-01	9.397864e-05
6.605108e+01	1.279789e-05	8.724606e-06	7.388095e-01	9.338557e-05
6.625431e+01	1.271712e-05	8.669542e-06	7.341466e-01	9.279618e-05
6.645817e+01	1.263684e-05	8.614820e-06	7.295127e-01	9.221046e-05
6.666265e+01	1.255707e-05	8.560438e-06	7.249076e-01	9.162837e-05
6.686777e+01	1.247780e-05	8.506393e-06	7.203310e-01	9.104989e-05
6.707351e+01	1.239901e-05	8.452685e-06	7.157829e-01	9.047501e-05
6.727989e+01	1.232072e-05	8.399310e-06	7.112631e-01	8.990370e-05
6.748690e+01	1.224291e-05	8.346267e-06	7.067713e-01	8.933595e-05
6.769455e+01	1.216559e-05	8.293553e-06	7.023075e-01	8.877171e-05
6.790284e+01	1.208874e-05	8.241167e-06	6.978713e-01	8.821099e-05
6.811177e+01	1.201238e-05	8.189106e-06	6.934628e-01	8.765375e-05
6.832134e+01	1.193649e-05	8.137369e-06	6.890816e-01	8.709997e-05
6.853156e+01	1.186107e-05	8.085953e-06	6.847277e-01	8.654963e-05
6.874242e+01	1.178611e-05	8.034857e-06	6.804008e-01	8.600271e-05
6.895393e+01	1.171163e-05	7.984078e-06	6.761008e-01	8.545919e-05
6.916610e+01	1.163760e-05	7.933615e-06	6.718275e-01	8.491905e-05
6.937891e+01	1.156404e-05	7.883466e-06	6.675808e-01	8.438226e-05
6.959238e+01	1.149094e-05	7.833628e-06	6.633605e-01	8.384881e-05
6.980651e+01	1.141828e-05	7.784100e-06	6.591664e-01	8.331868e-05
7.002130e+01	1.134609e-05	7.734880e-06	6.549984e-01	8.279184e-05
7.023674e+01	1.127433e-05	7.685966e-06	6.508563e-01	8.226828e-05
7.045286e+01	1.120303e-05	7.637356e-06	6.467399e-01	8.174797e-05
7.066963e+01	1.113217e-05	7.589048e-06	6.426492e-01	8.123090e-05
7.088707e+01	1.106175e-05	7.541041e-06	6.385839e-01	8.071704e-05
7.110518e+01	1.099176e-05	7.493332e-06	6.345438e-01	8.020638e-05
7.132397e+01	1.092222e-05	7.445919e-06	6.305289e-01	7.969889e-05
7.154342e+01	1.085310e-05	7.398802e-06	6.265389e-01	7.919456e-05
7.176355e+01	1.078442e-05	7.351977e-06	6.225737e-01	7.869337e-05
7.198436e+01	1.071616e-05	7.305444e-06	6.186332e-01	7.819529e-05
7.220585e+01	1.064832e-05	7.259200e-06	6.147173e-01	7.770030e-05
7.242802e+01	1.058091e-05	7.213243e-06	6.108256e-01	7.720840e-05
7.265087e+01	1.051392e-05	7.167573e-06	6.069582e-01	7.671956e-05
7.287441e+01	1.044734e-05	7.122186e-06	6.031148e-01	7.623375e-05
7.309864e+01	1.038118e-05	7.077082e-06	5.992953e-01	7.575097e-05
7.332355e+01	1.031543e-05	7.032259e-06	5.954996e-01	7.527119e-05
7.354916e+01	1.025009e-05	6.987714e-06	5.917275e-01	7.479440e-05
7.377546e+01	1.018515e-05	6.943446e-06	5.879789e-01	7.432057e-05
7.400246e+01	1.012062e-05	6.899454e-06	5.842536e-01	7.384969e-05
7.423016e+01	1.005649e-05	6.855736e-06	5.805514e-01	7.338174e-05
7.445856e+01	9.992762e-06	6.812289e-06	5.768724e-01	7.291671e-05
7.468766e+01	9.929428e-06	6.769113e-06	5.732161e-01	7.245456e-05
7.491746e+01	9.866488e-06	6.726205e-06	5.695827e-01	7.199529e-05
7.514797e+01	9.803940e-06	6.683565e-06	5.659718e-01	7.153888e-05
7.537920e+01	9.741781e-06	6.641190e-06	5.623835e-01	7.108531e-05
7.561113e+01	9.680009e-06	6.599078e-06	5.588174e-01	7.063456e-05
7.584378e+01	9.618621e-06	6.557229e-06	5.552736e-01	7.018662e-05
7.607714e+01	9.557616e-06	6.515640e-06	5.517518e-01	6.974147e-05
7.631122e+01	9.496990e-06	6.474311e-06	5.482519e-01	6.929908e-05
7.654602e+01	9.436742e-06	6.433238e-06	5.447739e-01	6.885946e-05
7.678154e+01	9.376868e-06	6.392421e-06	5.413174e-01	6.842256e-05
7.701779e+01	9.317368e-06	6.351858e-06	5.378825e-01	6.798839e-05
7.725477e+01	9.258238e-06	6.311548e-06	5.344690e-01	6.755692e-05
7.749247e+01	9.199476e-06	6.271488e-06	5.310767e-01	6.712814e-05
7.773091e+01	9.141080e-06	6.231679e-06	5.277056e-01	6.670202e-05
7.797007e+01	9.083047e-06	6.192117e-06	5.243554e-01	6.627856e-05
7.820998e+01	9.025376e-06	6.152801e-06	5.210261e-01	6.585774e-05
7.845062e+01	8.968064e-06	6.113730e-06	5.177176e-01	6.543954e-05
7.869201e+01	8.911110e-06	6.074903e-06	5.144296e-01	6.502394e-05
7.893413e+01	8.854509e-06	6.036317e-06	5.111622e-01	6.461093e-05
7.917700e+01	8.798262e-06	5.997972e-06	5.079150e-01	6.420050e-05
7.942062e+01	8.742364e-06	5.959865e-06	5.046881e-01	6.379262e-05
7.966499e+01	8.686815e-06	5.921996e-06	5.014813e-01	6.338728e-05
7.991011e+01	8.631612e-06	5.884363e-06	4.982945e-01	6.298446e-05
8.015599e+01	8.576753e-06	5.846964e-06	4.951275e-01	6.258416e-05
8.040262e+01	8.522235e-06	5.809798e-06	4.919803e-01	6.218635e-05
8.065001e+01	8.468058e-06	5.772864e-06	4.888527e-01	6.179101e-05
8.089816e+01	8.414217e-06	5.736160e-06	4.857445e-01	6.139814e-05
8.114707e+01	8.360713e-06	5.699685e-06	4.826558e-01	6.100772e-05
8.139675e+01	8.307541e-06	5.663437e-06	4.795862e-01	6.061973e-05
8.164720e+01	8.254701e-06	5.627415e-06	4.765358e-01	6.023416e-05
8.189842e+01	8.202191e-06	5.591617e-06	4.735045e-01	5.985100e-05
8.215041e+01	8.150007e-06	5.556042e-06	4.704920e-01	5.947022e-05
8.240318e+01	8.098149e-06	5.520690e-06	4.674982e-01	5.909181e-05
8.265672e+01	8.046615e-06	5.485557e-06	4.645232e-01	5.871576e-05
8.291105e+01	7.995401e-06	5.450644e-06	4.615667e-01	5.834206e-05
8.316616e+01	7.944507e-06	5.415948e-06	4.586286e-01	5.797069e-05
8.342205e+01	7.893930e-06	5.381468e-06	4.557088e-01	5.760163e-05
8.367873e+01	7.843668e-06	5.347204e-06	4.528073e-01	5.723487e-05
8.393620e+01	7.793720e-06	5.313153e-06	4.499238e-01	5.687040e-05
8.419446e+01	7.744083e-06	5.279314e-06	4.470583e-01	5.650820e-05
8.445352e+01	7.694755e-06	5.245687e-06	4.442107e-01	5.614826e-05
8.471337e+01	7.645736e-06	5.212269e-06	4.413808e-01	5.579057e-05
8.497403e+01	7.597021e-06	5.179059e-06	4.385686e-01	5.543510e-05
8.523548e+01	7.548611e-06	5.146057e-06	4.357739e-01	5.508186e-05
8.549774e+01	7.500503e-06	5.113261e-06	4.329967e-01	5.473081e-05
8.576081e+01	7.452695e-06	5.080669e-06	4.302368e-01	5.438196e-05
8.602468e+01	7.405185e-06	5.048280e-06	4.274941e-01	5.403528e-05
8.628937e+01	7.357971e-06	5.016093e-06	4.247685e-01	5.369077e-05
8.655487e+01	7.311052e-06	4.984108e-06	4.220599e-01	5.334840e-05
8.682119e+01	7.264426e-06	4.952321e-06	4.193682e-01	5.300817e-05
8.708833e+01	7.218090e-06	4.920734e-06	4.166933e-01	5.267006e-05
8.735629e+01	7.172044e-06	4.889343e-06	4.140351e-01	5.233406e-05
8.762508e+01	7.126285e-06	4.858148e-06	4.113935e-01	5.200016e-05
8.789469e+01	7.080812e-06	4.827148e-06	4.087683e-01	5.166834e-05
8.816513e+01	7.035622e-06	4.796341e-06	4.061596e-01	5.133860e-05
8.843641e+01	6.990714e-06	4.765726e-06	4.035671e-01	5.101091e-05
8.870852e+01	6.946087e-06	4.735303e-06	4.009908e-01	5.068527e-05
8.898146e+01	6.901738e-06	4.705069e-06	3.984306e-01	5.036165e-05
8.925525e+01	6.857666e-06	4.675024e-06	3.958864e-01	5.004006e-05
8.952988e+01	6.813869e-06	4.645167e-06	3.933580e-01	4.972048e-05
8.980535e+01	6.770346e-06	4.615496e-06	3.908455e-01	4.940289e-05
9.008167e+01	6.727094e-06	4.586011e-06	3.883486e-01	4.908729e-05
9.035884e+01	6.684113e-06	4.556709e-06	3.858673e-01	4.877365e-05
9.063686e+01	6.641400e-06	4.527591e-06	3.834015e-01	4.846198e-05
9.091574e+01	6.598953e-06	4.498654e-06	3.809511e-01	4.815225e-05
9.119548e+01	6.556772e-06	4.469898e-06	3.785160e-01	4.784445e-05
9.147608e+01	6.514854e-06	4.441321e-06	3.760961e-01	4.753858e-05
9.175754e+01	6.473198e-06	4.412924e-06	3.736914e-01	4.723461e-05
9.203987e+01	6.431802e-06	4.384703e-06	3.713016e-01	4.693255e-05
9.232306e+01	6.390664e-06	4.356659e-06	3.689268e-01	4.663237e-05
9.260713e+01	6.349784e-06	4.328790e-06	3.665668e-01	4.633407e-05
9.289207e+01	6.309159e-06	4.301095e-06	3.642216e-01	4.603763e-05
9.317789e+01	6.268787e-06	4.273573e-06	3.618910e-01	4.574304e-05
9.346459e+01	6.228668e-06	4.246223e-06	3.595749e-01	4.545030e-05
9.375217e+01	6.188800e-06	4.219043e-06	3.572734e-01	4.515938e-05
9.404063e+01	6.149181e-06	4.192034e-06	3.549862e-01	4.487028e-05
9.432999e+01	6.109809e-06	4.165194e-06	3.527133e-01	4.458299e-05
9.462023e+01	6.070684e-06	4.138521e-06	3.504546e-01	4.429749e-05
9.491136e+01	6.031803e-06	4.112015e-06	3.482101e-01	4.401378e-05
9.520339e+01	5.993165e-06	4.085674e-06	3.459795e-01	4.373184e-05
9.549632e+01	5.954768e-06	4.059499e-06	3.437629e-01	4.345166e-05
9.579016e+01	5.916612e-06	4.033487e-06	3.415602e-01	4.317323e-05
9.608489e+01	5.878694e-06	4.007637e-06	3.393712e-01	4.289655e-05
9.638053e+01	5.841013e-06	3.981949e-06	3.371960e-01	4.262159e-05
9.667709e+01	5.803568e-06	3.956422e-06	3.350343e-01	4.234836e-05
9.697455e+01	5.766357e-06	3.931054e-06	3.328861e-01	4.207683e-05
9.727293e+01	5.729378e-06	3.905845e-06	3.307514e-01	4.180700e-05
9.757223e+01	5.692631e-06	3.880794e-06	3.286300e-01	4.153886e-05
9.787245e+01	5.656114e-06	3.855899e-06	3.265219e-01	4.127239e-05
9.817359e+01	5.619825e-06	3.831160e-06	3.244270e-01	4.100759e-05
9.847566e+01	5.583763e-06	3.806576e-06	3.223452e-01	4.074445e-05
9.877866e+01	5.547926e-06	3.782145e-06	3.202764e-01	4.048295e-05
9.908259e+01	5.512314e-06	3.757868e-06	3.182205e-01	4.022309e-05
9.938745e+01	5.476925e-06	3.733742e-06	3.161775e-01	3.996486e-05
9.969326e+01	5.441757e-06	3.709767e-06	3.141473e-01	3.970824e-05
1.000000e+02	5.406809e-06	3.685942e-06	3.121298e-01	3.945323e-05
